Theta [deg.]  Phi   [deg.]  Abs(Gain)[dBi   ]   Abs(Theta)[dBi   ]  Phase(Theta)[deg.]  Abs(Phi  )[dBi   ]  Phase(Phi  )[deg.]  Ax.Ratio[dB    ]    

   0.000           0.000            4.484e+00          -7.956e+00             277.375           4.229e+00             287.789           2.754e+01     
   1.000           0.000            4.514e+00          -8.368e+00             274.856           4.285e+00             287.897           2.602e+01     
   2.000           0.000            4.455e+00          -8.925e+00             271.868           4.251e+00             287.998           2.468e+01     
   3.000           0.000            4.303e+00          -9.638e+00             268.190           4.124e+00             288.098           2.344e+01     
   4.000           0.000            4.056e+00          -1.052e+01             263.482           3.902e+00             288.199           2.225e+01     
   5.000           0.000            3.707e+00          -1.156e+01             257.227           3.576e+00             288.308           2.107e+01     
   6.000           0.000            3.249e+00          -1.273e+01             248.644           3.138e+00             288.429           1.988e+01     
   7.000           0.000            2.671e+00          -1.390e+01             236.720           2.575e+00             288.570           1.863e+01     
   8.000           0.000            1.959e+00          -1.477e+01             220.770           1.866e+00             288.742           1.732e+01     
   9.000           0.000            1.095e+00          -1.492e+01             201.965           9.850e-01             288.963           1.591e+01     
  10.000           0.000            5.682e-02          -1.416e+01             183.865          -1.108e-01             289.259           1.439e+01     
  11.000           0.000           -1.179e+00          -1.281e+01             169.423          -1.487e+00             289.680           1.277e+01     
  12.000           0.000           -2.621e+00          -1.128e+01             159.007          -3.256e+00             290.326           1.114e+01     
  13.000           0.000           -4.222e+00          -9.803e+00             151.703          -5.628e+00             291.430           9.938e+00     
  14.000           0.000           -5.745e+00          -8.454e+00             146.555          -9.079e+00             293.702           1.064e+01     
  15.000           0.000           -6.595e+00          -7.256e+00             142.881          -1.510e+01             300.766           1.750e+01     
  16.000           0.000           -6.163e+00          -6.199e+00             140.236          -2.703e+01              32.967           2.124e+01     
  17.000           0.000           -4.707e+00          -5.270e+00             138.334          -1.385e+01              94.464           1.241e+01     
  18.000           0.000           -2.934e+00          -4.455e+00             136.986          -8.228e+00             100.247           1.055e+01     
  19.000           0.000           -1.238e+00          -3.739e+00             136.068          -4.826e+00             102.252           1.042e+01     
  20.000           0.000            2.660e-01          -3.112e+00             135.494          -2.406e+00             103.239           1.081e+01     
  21.000           0.000            1.573e+00          -2.562e+00             135.203          -5.451e-01             103.804           1.129e+01     
  22.000           0.000            2.703e+00          -2.083e+00             135.153           9.491e-01             104.154           1.174e+01     
  23.000           0.000            3.681e+00          -1.666e+00             135.313           2.182e+00             104.377           1.211e+01     
  24.000           0.000            4.530e+00          -1.306e+00             135.660           3.217e+00             104.520           1.239e+01     
  25.000           0.000            5.267e+00          -9.966e-01             136.175           4.096e+00             104.607           1.259e+01     
  26.000           0.000            5.907e+00          -7.334e-01             136.847           4.846e+00             104.653           1.272e+01     
  27.000           0.000            6.462e+00          -5.120e-01             137.664           5.489e+00             104.668           1.278e+01     
  28.000           0.000            6.942e+00          -3.283e-01             138.619           6.040e+00             104.659           1.278e+01     
  29.000           0.000            7.353e+00          -1.785e-01             139.704           6.509e+00             104.629           1.274e+01     
  30.000           0.000            7.703e+00          -5.911e-02             140.912           6.907e+00             104.582           1.264e+01     
  31.000           0.000            7.997e+00           3.313e-02             142.238           7.240e+00             104.520           1.251e+01     
  32.000           0.000            8.239e+00           1.014e-01             143.676           7.515e+00             104.445           1.235e+01     
  33.000           0.000            8.434e+00           1.486e-01             145.216           7.736e+00             104.357           1.216e+01     
  34.000           0.000            8.584e+00           1.778e-01             146.858           7.907e+00             104.258           1.193e+01     
  35.000           0.000            8.693e+00           1.915e-01             148.589           8.032e+00             104.148           1.169e+01     
  36.000           0.000            8.763e+00           1.924e-01             150.402           8.113e+00             104.028           1.142e+01     
  37.000           0.000            8.796e+00           1.826e-01             152.286           8.154e+00             103.897           1.114e+01     
  38.000           0.000            8.795e+00           1.645e-01             154.231           8.155e+00             103.756           1.084e+01     
  39.000           0.000            8.761e+00           1.398e-01             156.225           8.119e+00             103.604           1.052e+01     
  40.000           0.000            8.696e+00           1.101e-01             158.255           8.048e+00             103.442           1.019e+01     
  41.000           0.000            8.601e+00           7.679e-02             160.310           7.943e+00             103.270           9.850e+00     
  42.000           0.000            8.477e+00           4.088e-02             162.375           7.805e+00             103.086           9.496e+00     
  43.000           0.000            8.327e+00           3.092e-03             164.438           7.636e+00             102.891           9.132e+00     
  44.000           0.000            8.150e+00          -3.615e-02             166.485           7.435e+00             102.683           8.757e+00     
  45.000           0.000            7.949e+00          -7.671e-02             168.504           7.204e+00             102.463           8.373e+00     
  46.000           0.000            7.724e+00          -1.187e-01             170.483           6.944e+00             102.229           7.980e+00     
  47.000           0.000            7.476e+00          -1.624e-01             172.413           6.655e+00             101.982           7.578e+00     
  48.000           0.000            7.206e+00          -2.083e-01             174.283           6.337e+00             101.718           7.166e+00     
  49.000           0.000            6.915e+00          -2.571e-01             176.086           5.991e+00             101.439           6.746e+00     
  50.000           0.000            6.605e+00          -3.095e-01             177.815           5.617e+00             101.141           6.317e+00     
  51.000           0.000            6.275e+00          -3.663e-01             179.465           5.215e+00             100.824           5.878e+00     
  52.000           0.000            5.928e+00          -4.284e-01             181.031           4.785e+00             100.486           5.431e+00     
  53.000           0.000            5.563e+00          -4.965e-01             182.510           4.326e+00             100.125           4.974e+00     
  54.000           0.000            5.182e+00          -5.715e-01             183.901           3.840e+00              99.738           4.507e+00     
  55.000           0.000            4.786e+00          -6.542e-01             185.204           3.324e+00              99.322           4.030e+00     
  56.000           0.000            4.375e+00          -7.451e-01             186.414           2.779e+00              98.874           3.544e+00     
  57.000           0.000            3.951e+00          -8.451e-01             187.533           2.203e+00              98.390           3.051e+00     
  58.000           0.000            3.515e+00          -9.546e-01             188.562           1.596e+00              97.865           2.553e+00     
  59.000           0.000            3.069e+00          -1.074e+00             189.502           9.559e-01              97.293           2.058e+00     
  60.000           0.000            2.612e+00          -1.204e+00             190.354           2.816e-01              96.667           1.588e+00     
  61.000           0.000            2.147e+00          -1.345e+00             191.119          -4.291e-01              95.979           1.204e+00     
  62.000           0.000            1.675e+00          -1.497e+00             191.798          -1.179e+00              95.217           1.050e+00     
  63.000           0.000            1.198e+00          -1.660e+00             192.392          -1.970e+00              94.367           1.259e+00     
  64.000           0.000            7.166e-01          -1.835e+00             192.902          -2.806e+00              93.412           1.744e+00     
  65.000           0.000            2.329e-01          -2.022e+00             193.329          -3.692e+00              92.329           2.375e+00     
  66.000           0.000           -2.513e-01          -2.221e+00             193.673          -4.633e+00              91.088           3.100e+00     
  67.000           0.000           -7.342e-01          -2.432e+00             193.935          -5.636e+00              89.649           3.908e+00     
  68.000           0.000           -1.214e+00          -2.654e+00             194.114          -6.707e+00              87.957           4.799e+00     
  69.000           0.000           -1.688e+00          -2.889e+00             194.209          -7.858e+00              85.935           5.786e+00     
  70.000           0.000           -2.156e+00          -3.136e+00             194.220          -9.100e+00              83.471           6.890e+00     
  71.000           0.000           -2.614e+00          -3.396e+00             194.145          -1.045e+01              80.404           8.142e+00     
  72.000           0.000           -3.061e+00          -3.667e+00             193.981          -1.191e+01              76.484           9.592e+00     
  73.000           0.000           -3.494e+00          -3.951e+00             193.727          -1.350e+01              71.329           1.132e+01     
  74.000           0.000           -3.913e+00          -4.246e+00             193.377          -1.522e+01              64.342           1.345e+01     
  75.000           0.000           -4.315e+00          -4.554e+00             192.929          -1.701e+01              54.633           1.628e+01     
  76.000           0.000           -4.698e+00          -4.874e+00             192.377          -1.871e+01              41.141           2.046e+01     
  77.000           0.000           -5.062e+00          -5.206e+00             191.714          -1.994e+01              23.508           2.880e+01     
  78.000           0.000           -5.406e+00          -5.550e+00             190.935          -2.028e+01               3.808           3.314e+01     
  79.000           0.000           -5.728e+00          -5.905e+00             190.031          -1.972e+01             345.989           2.191e+01     
  80.000           0.000           -6.028e+00          -6.271e+00             188.992          -1.867e+01             332.262           1.719e+01     
  81.000           0.000           -6.305e+00          -6.647e+00             187.807          -1.751e+01             322.349           1.416e+01     
  82.000           0.000           -6.560e+00          -7.034e+00             186.466          -1.642e+01             315.190           1.195e+01     
  83.000           0.000           -6.793e+00          -7.430e+00             184.954          -1.545e+01             309.883           1.023e+01     
  84.000           0.000           -7.004e+00          -7.833e+00             183.257          -1.460e+01             305.816           8.850e+00     
  85.000           0.000           -7.193e+00          -8.243e+00             181.358          -1.387e+01             302.598           7.742e+00     
  86.000           0.000           -7.361e+00          -8.656e+00             179.242          -1.325e+01             299.973           6.872e+00     
  87.000           0.000           -7.509e+00          -9.072e+00             176.891          -1.271e+01             297.773           6.233e+00     
  88.000           0.000           -7.637e+00          -9.484e+00             174.287          -1.224e+01             295.886           5.827e+00     
  89.000           0.000           -7.746e+00          -9.891e+00             171.416          -1.184e+01             294.229           5.659e+00     
  90.000           0.000           -7.837e+00          -1.029e+01             168.266          -1.149e+01             292.745           5.720e+00     
  91.000           0.000           -7.910e+00          -1.066e+01             164.829          -1.119e+01             291.391           5.989e+00     
  92.000           0.000           -7.968e+00          -1.102e+01             161.105          -1.094e+01             290.133           6.436e+00     
  93.000           0.000           -8.010e+00          -1.134e+01             157.107          -1.072e+01             288.944           7.028e+00     
  94.000           0.000           -8.038e+00          -1.162e+01             152.855          -1.054e+01             287.805           7.739e+00     
  95.000           0.000           -8.052e+00          -1.186e+01             148.387          -1.039e+01             286.695           8.550e+00     
  96.000           0.000           -8.054e+00          -1.204e+01             143.753          -1.027e+01             285.601           9.449e+00     
  97.000           0.000           -8.046e+00          -1.217e+01             139.013          -1.017e+01             284.507           1.043e+01     
  98.000           0.000           -8.027e+00          -1.223e+01             134.236          -1.010e+01             283.401           1.149e+01     
  99.000           0.000           -7.999e+00          -1.225e+01             129.489          -1.005e+01             282.271           1.263e+01     
 100.000           0.000           -7.965e+00          -1.221e+01             124.838          -1.002e+01             281.105           1.385e+01     
 101.000           0.000           -7.924e+00          -1.212e+01             120.338          -1.000e+01             279.890           1.515e+01     
 102.000           0.000           -7.878e+00          -1.199e+01             116.029          -1.001e+01             278.616           1.653e+01     
 103.000           0.000           -7.828e+00          -1.183e+01             111.939          -1.003e+01             277.269           1.800e+01     
 104.000           0.000           -7.776e+00          -1.165e+01             108.083          -1.007e+01             275.838           1.954e+01     
 105.000           0.000           -7.723e+00          -1.145e+01             104.462          -1.012e+01             274.308           2.113e+01     
 106.000           0.000           -7.670e+00          -1.124e+01             101.071          -1.018e+01             272.666           2.274e+01     
 107.000           0.000           -7.619e+00          -1.104e+01              97.895          -1.026e+01             270.898           2.431e+01     
 108.000           0.000           -7.569e+00          -1.083e+01              94.916          -1.034e+01             268.989           2.573e+01     
 109.000           0.000           -7.523e+00          -1.064e+01              92.113          -1.043e+01             266.924           2.688e+01     
 110.000           0.000           -7.481e+00          -1.046e+01              89.463          -1.052e+01             264.688           2.760e+01     
 111.000           0.000           -7.444e+00          -1.029e+01              86.942          -1.062e+01             262.268           2.779e+01     
 112.000           0.000           -7.412e+00          -1.015e+01              84.527          -1.072e+01             259.651           2.744e+01     
 113.000           0.000           -7.385e+00          -1.002e+01              82.193          -1.081e+01             256.829           2.662e+01     
 114.000           0.000           -7.365e+00          -9.920e+00              79.915          -1.088e+01             253.795           2.549e+01     
 115.000           0.000           -7.349e+00          -9.843e+00              77.670          -1.095e+01             250.549           2.419e+01     
 116.000           0.000           -7.339e+00          -9.792e+00              75.432          -1.099e+01             247.097           2.283e+01     
 117.000           0.000           -7.333e+00          -9.769e+00              73.175          -1.100e+01             243.456           2.150e+01     
 118.000           0.000           -7.329e+00          -9.775e+00              70.872          -1.099e+01             239.650           2.024e+01     
 119.000           0.000           -7.326e+00          -9.809e+00              68.493          -1.094e+01             235.710           1.909e+01     
 120.000           0.000           -7.322e+00          -9.874e+00              66.007          -1.084e+01             231.680           1.807e+01     
 121.000           0.000           -7.314e+00          -9.968e+00              63.380          -1.071e+01             227.605           1.720e+01     
 122.000           0.000           -7.298e+00          -1.009e+01              60.571          -1.054e+01             223.537           1.650e+01     
 123.000           0.000           -7.271e+00          -1.024e+01              57.541          -1.032e+01             219.526           1.600e+01     
 124.000           0.000           -7.229e+00          -1.042e+01              54.242          -1.007e+01             215.616           1.571e+01     
 125.000           0.000           -7.169e+00          -1.061e+01              50.626          -9.785e+00             211.848           1.567e+01     
 126.000           0.000           -7.085e+00          -1.082e+01              46.638          -9.473e+00             208.250           1.593e+01     
 127.000           0.000           -6.976e+00          -1.104e+01              42.238          -9.142e+00             204.846           1.652e+01     
 128.000           0.000           -6.838e+00          -1.124e+01              37.383          -8.796e+00             201.648           1.754e+01     
 129.000           0.000           -6.671e+00          -1.142e+01              32.055          -8.442e+00             198.659           1.912e+01     
 130.000           0.000           -6.474e+00          -1.156e+01              26.263          -8.086e+00             195.880           2.152e+01     
 131.000           0.000           -6.248e+00          -1.164e+01              20.060          -7.731e+00             193.302           2.543e+01     
 132.000           0.000           -5.998e+00          -1.163e+01              13.549          -7.384e+00             190.918           3.378e+01     
 133.000           0.000           -5.725e+00          -1.153e+01               6.876          -7.048e+00             188.713           3.701e+01     
 134.000           0.000           -5.435e+00          -1.133e+01               0.220          -6.726e+00             186.677           2.615e+01     
 135.000           0.000           -5.133e+00          -1.104e+01             353.761          -6.421e+00             184.794           2.150e+01     
 136.000           0.000           -4.825e+00          -1.067e+01             347.652          -6.135e+00             183.051           1.855e+01     
 137.000           0.000           -4.516e+00          -1.023e+01             342.005          -5.872e+00             181.436           1.644e+01     
 138.000           0.000           -4.211e+00          -9.757e+00             336.881          -5.631e+00             179.935           1.483e+01     
 139.000           0.000           -3.916e+00          -9.261e+00             332.298          -5.416e+00             178.537           1.356e+01     
 140.000           0.000           -3.635e+00          -8.761e+00             328.242          -5.228e+00             177.231           1.254e+01     
 141.000           0.000           -3.371e+00          -8.274e+00             324.681          -5.068e+00             176.007           1.171e+01     
 142.000           0.000           -3.129e+00          -7.809e+00             321.570          -4.937e+00             174.856           1.104e+01     
 143.000           0.000           -2.913e+00          -7.375e+00             318.865          -4.837e+00             173.770           1.049e+01     
 144.000           0.000           -2.724e+00          -6.980e+00             316.520          -4.768e+00             172.741           1.005e+01     
 145.000           0.000           -2.567e+00          -6.627e+00             314.496          -4.733e+00             171.762           9.698e+00     
 146.000           0.000           -2.444e+00          -6.320e+00             312.755          -4.732e+00             170.828           9.425e+00     
 147.000           0.000           -2.357e+00          -6.063e+00             311.268          -4.768e+00             169.931           9.221e+00     
 148.000           0.000           -2.309e+00          -5.857e+00             310.008          -4.841e+00             169.070           9.078e+00     
 149.000           0.000           -2.303e+00          -5.706e+00             308.953          -4.954e+00             168.236           8.991e+00     
 150.000           0.000           -2.342e+00          -5.612e+00             308.087          -5.107e+00             167.428           8.954e+00     
 151.000           0.000           -2.429e+00          -5.578e+00             307.395          -5.305e+00             166.642           8.963e+00     
 152.000           0.000           -2.566e+00          -5.606e+00             306.869          -5.548e+00             165.875           9.016e+00     
 153.000           0.000           -2.759e+00          -5.700e+00             306.502          -5.840e+00             165.125           9.110e+00     
 154.000           0.000           -3.012e+00          -5.866e+00             306.293          -6.184e+00             164.391           9.244e+00     
 155.000           0.000           -3.329e+00          -6.107e+00             306.244          -6.585e+00             163.671           9.419e+00     
 156.000           0.000           -3.718e+00          -6.431e+00             306.364          -7.047e+00             162.966           9.637e+00     
 157.000           0.000           -4.185e+00          -6.847e+00             306.668          -7.574e+00             162.279           9.903e+00     
 158.000           0.000           -4.741e+00          -7.365e+00             307.181          -8.176e+00             161.611           1.022e+01     
 159.000           0.000           -5.397e+00          -7.999e+00             307.943          -8.859e+00             160.970           1.061e+01     
 160.000           0.000           -6.170e+00          -8.768e+00             309.017          -9.635e+00             160.364           1.109e+01     
 161.000           0.000           -7.079e+00          -9.699e+00             310.501          -1.052e+01             159.809           1.170e+01     
 162.000           0.000           -8.152e+00          -1.083e+01             312.564          -1.153e+01             159.329           1.250e+01     
 163.000           0.000           -9.426e+00          -1.220e+01             315.497          -1.269e+01             158.964           1.367e+01     
 164.000           0.000           -1.095e+01          -1.389e+01             319.856          -1.403e+01             158.778           1.557e+01     
 165.000           0.000           -1.280e+01          -1.600e+01             326.798          -1.562e+01             158.879           1.952e+01     
 166.000           0.000           -1.502e+01          -1.858e+01             338.937          -1.754e+01             159.510           4.000e+01     
 167.000           0.000           -1.755e+01          -2.130e+01               1.844          -1.993e+01             161.156           1.489e+01     
 168.000           0.000           -1.959e+01          -2.218e+01              37.884          -2.307e+01             165.102           6.163e+00     
 169.000           0.000           -1.936e+01          -2.008e+01              68.578          -2.752e+01             175.792           7.999e+00     
 170.000           0.000           -1.723e+01          -1.734e+01              85.600          -3.327e+01             214.106           1.814e+01     
 171.000           0.000           -1.491e+01          -1.502e+01              95.062          -3.111e+01             277.965           4.000e+01     
 172.000           0.000           -1.295e+01          -1.316e+01             100.980          -2.622e+01             298.554           2.384e+01     
 173.000           0.000           -1.137e+01          -1.168e+01             105.108          -2.301e+01             304.806           2.133e+01     
 174.000           0.000           -1.009e+01          -1.048e+01             108.254          -2.082e+01             306.942           2.092e+01     
 175.000           0.000           -9.068e+00          -9.508e+00             110.832          -1.923e+01             307.368           2.145e+01     
 176.000           0.000           -8.244e+00          -8.724e+00             113.071          -1.804e+01             306.884           2.267e+01     
 177.000           0.000           -7.590e+00          -8.099e+00             115.115          -1.715e+01             305.819           2.466e+01     
 178.000           0.000           -7.083e+00          -7.613e+00             117.059          -1.648e+01             304.325           2.787e+01     
 179.000           0.000           -6.706e+00          -7.250e+00             118.973          -1.600e+01             302.474           3.412e+01     
 180.000           0.000           -6.448e+00          -7.001e+00             120.913          -1.567e+01             300.293           4.000e+01     
 179.000         180.000           -6.299e+00          -6.859e+00             302.926          -1.547e+01             117.792           3.069e+01     
 178.000         180.000           -6.255e+00          -6.818e+00             305.065          -1.540e+01             114.951           2.479e+01     
 177.000         180.000           -6.309e+00          -6.876e+00             307.380          -1.544e+01             111.737           2.101e+01     
 176.000         180.000           -6.461e+00          -7.029e+00             309.931          -1.557e+01             108.101           1.814e+01     
 175.000         180.000           -6.708e+00          -7.278e+00             312.789          -1.580e+01             103.973           1.578e+01     
 174.000         180.000           -7.047e+00          -7.621e+00             316.040          -1.612e+01              99.261           1.374e+01     
 173.000         180.000           -7.476e+00          -8.055e+00             319.797          -1.651e+01              93.849           1.195e+01     
 172.000         180.000           -7.990e+00          -8.578e+00             324.199          -1.697e+01              87.593           1.037e+01     
 171.000         180.000           -8.576e+00          -9.178e+00             329.426          -1.745e+01              80.332           9.053e+00     
 170.000         180.000           -9.212e+00          -9.837e+00             335.691          -1.794e+01              71.913           8.170e+00     
 169.000         180.000           -9.858e+00          -1.052e+01             343.231          -1.836e+01              62.245           8.064e+00     
 168.000         180.000           -1.045e+01          -1.116e+01             352.242          -1.865e+01              51.392           9.268e+00     
 167.000         180.000           -1.090e+01          -1.168e+01               2.759          -1.874e+01              39.666           1.258e+01     
 166.000         180.000           -1.111e+01          -1.197e+01              14.491          -1.857e+01              27.627           2.112e+01     
 165.000         180.000           -1.103e+01          -1.196e+01              26.751          -1.816e+01              15.938           2.255e+01     
 164.000         180.000           -1.065e+01          -1.164e+01              38.638          -1.754e+01               5.145           1.258e+01     
 163.000         180.000           -1.005e+01          -1.109e+01              49.434          -1.679e+01             355.513           8.463e+00     
 162.000         180.000           -9.327e+00          -1.039e+01              58.793          -1.597e+01             347.093           6.339e+00     
 161.000         180.000           -8.560e+00          -9.637e+00              66.721          -1.514e+01             339.784           5.525e+00     
 160.000         180.000           -7.804e+00          -8.897e+00              73.405          -1.433e+01             333.429           5.667e+00     
 159.000         180.000           -7.093e+00          -8.204e+00              79.081          -1.356e+01             327.871           6.388e+00     
 158.000         180.000           -6.444e+00          -7.578e+00              83.970          -1.283e+01             322.968           7.411e+00     
 157.000         180.000           -5.864e+00          -7.026e+00              88.256          -1.216e+01             318.608           8.605e+00     
 156.000         180.000           -5.355e+00          -6.551e+00              92.089          -1.154e+01             314.698           9.928e+00     
 155.000         180.000           -4.916e+00          -6.153e+00              95.585          -1.097e+01             311.168           1.139e+01     
 154.000         180.000           -4.544e+00          -5.829e+00              98.836          -1.046e+01             307.963           1.303e+01     
 153.000         180.000           -4.237e+00          -5.576e+00             101.920          -9.997e+00             305.040           1.495e+01     
 152.000         180.000           -3.990e+00          -5.392e+00             104.897          -9.581e+00             302.367           1.729e+01     
 151.000         180.000           -3.800e+00          -5.273e+00             107.823          -9.213e+00             299.918           2.038e+01     
 150.000         180.000           -3.665e+00          -5.216e+00             110.744          -8.889e+00             297.673           2.512e+01     
 149.000         180.000           -3.580e+00          -5.218e+00             113.706          -8.609e+00             295.616           3.621e+01     
 148.000         180.000           -3.544e+00          -5.277e+00             116.752          -8.372e+00             293.737           3.214e+01     
 147.000         180.000           -3.553e+00          -5.389e+00             119.925          -8.178e+00             292.023           2.366e+01     
 146.000         180.000           -3.603e+00          -5.551e+00             123.266          -8.024e+00             290.474           1.936e+01     
 145.000         180.000           -3.693e+00          -5.758e+00             126.821          -7.912e+00             289.084           1.641e+01     
 144.000         180.000           -3.817e+00          -6.006e+00             130.639          -7.841e+00             287.849           1.412e+01     
 143.000         180.000           -3.973e+00          -6.288e+00             134.768          -7.811e+00             286.771           1.222e+01     
 142.000         180.000           -4.155e+00          -6.595e+00             139.255          -7.821e+00             285.852           1.056e+01     
 141.000         180.000           -4.359e+00          -6.918e+00             144.143          -7.874e+00             285.094           9.073e+00     
 140.000         180.000           -4.579e+00          -7.241e+00             149.465          -7.968e+00             284.506           7.707e+00     
 139.000         180.000           -4.808e+00          -7.549e+00             155.238          -8.106e+00             284.096           6.431e+00     
 138.000         180.000           -5.039e+00          -7.825e+00             161.448          -8.287e+00             283.878           5.225e+00     
 137.000         180.000           -5.264e+00          -8.048e+00             168.044          -8.513e+00             283.867           4.083e+00     
 136.000         180.000           -5.473e+00          -8.202e+00             174.935          -8.785e+00             284.086           3.018e+00     
 135.000         180.000           -5.659e+00          -8.273e+00             181.989          -9.105e+00             284.562           2.097e+00     
 134.000         180.000           -5.813e+00          -8.257e+00             189.051          -9.474e+00             285.332           1.548e+00     
 133.000         180.000           -5.928e+00          -8.156e+00             195.962          -9.893e+00             286.441           1.739e+00     
 132.000         180.000           -6.000e+00          -7.980e+00             202.586          -1.036e+01             287.949           2.488e+00     
 131.000         180.000           -6.025e+00          -7.743e+00             208.821          -1.088e+01             289.929           3.431e+00     
 130.000         180.000           -6.005e+00          -7.464e+00             214.609          -1.145e+01             292.478           4.423e+00     
 129.000         180.000           -5.942e+00          -7.160e+00             219.930          -1.206e+01             295.713           5.408e+00     
 128.000         180.000           -5.841e+00          -6.844e+00             224.792          -1.270e+01             299.773           6.353e+00     
 127.000         180.000           -5.709e+00          -6.530e+00             229.223          -1.335e+01             304.814           7.231e+00     
 126.000         180.000           -5.551e+00          -6.226e+00             233.263          -1.397e+01             310.976           8.018e+00     
 125.000         180.000           -5.374e+00          -5.940e+00             236.954          -1.450e+01             318.338           8.695e+00     
 124.000         180.000           -5.186e+00          -5.677e+00             240.340          -1.490e+01             326.832           9.243e+00     
 123.000         180.000           -4.991e+00          -5.439e+00             243.463          -1.508e+01             336.157           9.654e+00     
 122.000         180.000           -4.794e+00          -5.229e+00             246.360          -1.501e+01             345.792           9.926e+00     
 121.000         180.000           -4.599e+00          -5.047e+00             249.066          -1.469e+01             355.122           1.007e+01     
 120.000         180.000           -4.408e+00          -4.894e+00             251.611          -1.416e+01               3.650           1.008e+01     
 119.000         180.000           -4.223e+00          -4.770e+00             254.023          -1.349e+01              11.107           9.994e+00     
 118.000         180.000           -4.046e+00          -4.675e+00             256.328          -1.275e+01              17.448           9.817e+00     
 117.000         180.000           -3.877e+00          -4.608e+00             258.547          -1.197e+01              22.762           9.570e+00     
 116.000         180.000           -3.716e+00          -4.568e+00             260.700          -1.121e+01              27.197           9.268e+00     
 115.000         180.000           -3.564e+00          -4.555e+00             262.807          -1.047e+01              30.908           8.928e+00     
 114.000         180.000           -3.420e+00          -4.568e+00             264.885          -9.758e+00              34.033           8.562e+00     
 113.000         180.000           -3.282e+00          -4.606e+00             266.952          -9.089e+00              36.687           8.182e+00     
 112.000         180.000           -3.152e+00          -4.667e+00             269.022          -8.461e+00              38.964           7.797e+00     
 111.000         180.000           -3.027e+00          -4.751e+00             271.113          -7.872e+00              40.939           7.415e+00     
 110.000         180.000           -2.906e+00          -4.857e+00             273.239          -7.320e+00              42.671           7.043e+00     
 109.000         180.000           -2.788e+00          -4.983e+00             275.417          -6.804e+00              44.206           6.687e+00     
 108.000         180.000           -2.673e+00          -5.127e+00             277.662          -6.321e+00              45.581           6.353e+00     
 107.000         180.000           -2.559e+00          -5.289e+00             279.992          -5.868e+00              46.826           6.046e+00     
 106.000         180.000           -2.445e+00          -5.466e+00             282.422          -5.444e+00              47.964           5.771e+00     
 105.000         180.000           -2.330e+00          -5.656e+00             284.968          -5.045e+00              49.015           5.533e+00     
 104.000         180.000           -2.213e+00          -5.857e+00             287.649          -4.671e+00              49.993           5.336e+00     
 103.000         180.000           -2.094e+00          -6.065e+00             290.479          -4.318e+00              50.912           5.182e+00     
 102.000         180.000           -1.971e+00          -6.276e+00             293.473          -3.985e+00              51.782           5.075e+00     
 101.000         180.000           -1.845e+00          -6.487e+00             296.645          -3.672e+00              52.611           5.013e+00     
 100.000         180.000           -1.714e+00          -6.692e+00             300.003          -3.375e+00              53.406           4.996e+00     
  99.000         180.000           -1.579e+00          -6.886e+00             303.552          -3.095e+00              54.173           5.022e+00     
  98.000         180.000           -1.439e+00          -7.063e+00             307.291          -2.829e+00              54.916           5.086e+00     
  97.000         180.000           -1.294e+00          -7.216e+00             311.210          -2.577e+00              55.639           5.183e+00     
  96.000         180.000           -1.145e+00          -7.340e+00             315.289          -2.338e+00              56.345           5.307e+00     
  95.000         180.000           -9.918e-01          -7.427e+00             319.500          -2.111e+00              57.037           5.453e+00     
  94.000         180.000           -8.345e-01          -7.474e+00             323.803          -1.896e+00              57.715           5.614e+00     
  93.000         180.000           -6.737e-01          -7.476e+00             328.151          -1.691e+00              58.382           5.785e+00     
  92.000         180.000           -5.100e-01          -7.431e+00             332.492          -1.497e+00              59.038           5.961e+00     
  91.000         180.000           -3.440e-01          -7.339e+00             336.770          -1.312e+00              59.684           6.137e+00     
  90.000         180.000           -1.763e-01          -7.202e+00             340.932          -1.136e+00              60.320           6.310e+00     
  89.000         180.000           -7.669e-03          -7.024e+00             344.933          -9.702e-01              60.946           6.477e+00     
  88.000         180.000            1.611e-01          -6.809e+00             348.732          -8.129e-01              61.562           6.634e+00     
  87.000         180.000            3.294e-01          -6.563e+00             352.300          -6.644e-01              62.167           6.778e+00     
  86.000         180.000            4.962e-01          -6.292e+00             355.619          -5.246e-01              62.760           6.909e+00     
  85.000         180.000            6.609e-01          -6.003e+00             358.677          -3.936e-01              63.341           7.025e+00     
  84.000         180.000            8.226e-01          -5.700e+00               1.471          -2.715e-01              63.908           7.124e+00     
  83.000         180.000            9.805e-01          -5.389e+00               4.005          -1.585e-01              64.460           7.206e+00     
  82.000         180.000            1.134e+00          -5.075e+00               6.287          -5.471e-02              64.995           7.270e+00     
  81.000         180.000            1.282e+00          -4.760e+00               8.325           3.942e-02              65.513           7.316e+00     
  80.000         180.000            1.423e+00          -4.449e+00              10.132           1.235e-01              66.010           7.344e+00     
  79.000         180.000            1.558e+00          -4.143e+00              11.721           1.971e-01              66.485           7.354e+00     
  78.000         180.000            1.685e+00          -3.846e+00              13.103           2.596e-01              66.936           7.348e+00     
  77.000         180.000            1.804e+00          -3.558e+00              14.291           3.104e-01              67.360           7.325e+00     
  76.000         180.000            1.913e+00          -3.281e+00              15.295           3.488e-01              67.755           7.286e+00     
  75.000         180.000            2.012e+00          -3.017e+00              16.127           3.739e-01              68.116           7.232e+00     
  74.000         180.000            2.100e+00          -2.765e+00              16.795           3.848e-01              68.442           7.165e+00     
  73.000         180.000            2.176e+00          -2.526e+00              17.308           3.806e-01              68.728           7.085e+00     
  72.000         180.000            2.240e+00          -2.302e+00              17.672           3.600e-01              68.970           6.993e+00     
  71.000         180.000            2.291e+00          -2.092e+00              17.893           3.219e-01              69.163           6.892e+00     
  70.000         180.000            2.328e+00          -1.896e+00              17.977           2.649e-01              69.302           6.783e+00     
  69.000         180.000            2.350e+00          -1.715e+00              17.928           1.874e-01              69.380           6.668e+00     
  68.000         180.000            2.356e+00          -1.549e+00              17.748           8.782e-02              69.390           6.549e+00     
  67.000         180.000            2.347e+00          -1.398e+00              17.441          -3.566e-02              69.322           6.430e+00     
  66.000         180.000            2.320e+00          -1.261e+00              17.007          -1.851e-01              69.168           6.313e+00     
  65.000         180.000            2.277e+00          -1.139e+00              16.448          -3.626e-01              68.914           6.204e+00     
  64.000         180.000            2.215e+00          -1.031e+00              15.765          -5.708e-01              68.544           6.107e+00     
  63.000         180.000            2.136e+00          -9.376e-01              14.957          -8.122e-01              68.041           6.031e+00     
  62.000         180.000            2.038e+00          -8.576e-01              14.024          -1.090e+00              67.382           5.983e+00     
  61.000         180.000            1.922e+00          -7.909e-01              12.965          -1.407e+00              66.537           5.974e+00     
  60.000         180.000            1.789e+00          -7.369e-01              11.780          -1.767e+00              65.472           6.017e+00     
  59.000         180.000            1.639e+00          -6.950e-01              10.467          -2.173e+00              64.139           6.127e+00     
  58.000         180.000            1.474e+00          -6.645e-01               9.026          -2.628e+00              62.480           6.321e+00     
  57.000         180.000            1.296e+00          -6.445e-01               7.456          -3.137e+00              60.419           6.619e+00     
  56.000         180.000            1.109e+00          -6.341e-01               5.758          -3.699e+00              57.856           7.042e+00     
  55.000         180.000            9.160e-01          -6.322e-01               3.931          -4.315e+00              54.662           7.615e+00     
  54.000         180.000            7.234e-01          -6.375e-01               1.975          -4.979e+00              50.670           8.367e+00     
  53.000         180.000            5.381e-01          -6.491e-01             359.898          -5.674e+00              45.687           9.334e+00     
  52.000         180.000            3.682e-01          -6.657e-01             357.700          -6.371e+00              39.487           1.057e+01     
  51.000         180.000            2.228e-01          -6.860e-01             355.389          -7.017e+00              31.876           1.215e+01     
  50.000         180.000            1.112e-01          -7.088e-01             352.972          -7.532e+00              22.792           1.421e+01     
  49.000         180.000            4.261e-02          -7.332e-01             350.457          -7.820e+00              12.466           1.699e+01     
  48.000         180.000            2.435e-02          -7.581e-01             347.855          -7.804e+00               1.508           2.108e+01     
  47.000         180.000            6.113e-02          -7.830e-01             345.180          -7.468e+00             350.774           2.858e+01     
  46.000         180.000            1.541e-01          -8.074e-01             342.446          -6.866e+00             341.023           4.000e+01     
  45.000         180.000            3.004e-01          -8.316e-01             339.666          -6.093e+00             332.662           2.578e+01     
  44.000         180.000            4.937e-01          -8.558e-01             336.859          -5.240e+00             325.748           2.132e+01     
  43.000         180.000            7.249e-01          -8.810e-01             334.039          -4.374e+00             320.130           1.898e+01     
  42.000         180.000            9.832e-01          -9.084e-01             331.222          -3.538e+00             315.592           1.766e+01     
  41.000         180.000            1.257e+00          -9.400e-01             328.423          -2.754e+00             311.919           1.697e+01     
  40.000         180.000            1.536e+00          -9.779e-01             325.655          -2.035e+00             308.931           1.672e+01     
  39.000         180.000            1.809e+00          -1.025e+00             322.932          -1.385e+00             306.483           1.681e+01     
  38.000         180.000            2.068e+00          -1.083e+00             320.262          -8.063e-01             304.465           1.716e+01     
  37.000         180.000            2.304e+00          -1.157e+00             317.653          -2.981e-01             302.790           1.774e+01     
  36.000         180.000            2.511e+00          -1.249e+00             315.111           1.400e-01             301.393           1.851e+01     
  35.000         180.000            2.683e+00          -1.364e+00             312.639           5.089e-01             300.222           1.947e+01     
  34.000         180.000            2.815e+00          -1.505e+00             310.237           8.089e-01             299.240           2.064e+01     
  33.000         180.000            2.901e+00          -1.677e+00             307.906           1.040e+00             298.416           2.204e+01     
  32.000         180.000            2.938e+00          -1.884e+00             305.644           1.202e+00             297.728           2.374e+01     
  31.000         180.000            2.920e+00          -2.132e+00             303.440           1.292e+00             297.155           2.587e+01     
  30.000         180.000            2.842e+00          -2.425e+00             301.288           1.309e+00             296.685           2.870e+01     
  29.000         180.000            2.699e+00          -2.770e+00             299.179           1.249e+00             296.308           3.292e+01     
  28.000         180.000            2.485e+00          -3.173e+00             297.098           1.108e+00             296.017           4.000e+01     
  27.000         180.000            2.192e+00          -3.642e+00             295.028           8.780e-01             295.810           4.000e+01     
  26.000         180.000            1.809e+00          -4.187e+00             292.948           5.514e-01             295.688           3.366e+01     
  25.000         180.000            1.325e+00          -4.819e+00             290.826           1.163e-01             295.655           2.884e+01     
  24.000         180.000            7.244e-01          -5.552e+00             288.623          -4.430e-01             295.725           2.558e+01     
  23.000         180.000           -1.521e-02          -6.404e+00             286.281          -1.149e+00             295.918           2.300e+01     
  22.000         180.000           -9.237e-01          -7.399e+00             283.713          -2.032e+00             296.272           2.076e+01     
  21.000         180.000           -2.045e+00          -8.570e+00             280.785          -3.139e+00             296.855           1.866e+01     
  20.000         180.000           -3.447e+00          -9.962e+00             277.268          -4.543e+00             297.794           1.652e+01     
  19.000         180.000           -5.239e+00          -1.164e+01             272.749          -6.368e+00             299.354           1.418e+01     
  18.000         180.000           -7.621e+00          -1.370e+01             266.399          -8.850e+00             302.189           1.136e+01     
  17.000         180.000           -1.098e+01          -1.626e+01             256.364          -1.250e+01             308.385           7.436e+00     
  16.000         180.000           -1.593e+01          -1.929e+01             238.210          -1.861e+01             328.873           6.861e-01     
  15.000         180.000           -1.840e+01          -2.157e+01             204.942          -2.126e+01              52.629           1.217e+01     
  14.000         180.000           -1.308e+01          -2.054e+01             167.080          -1.394e+01              88.932           6.888e+00     
  13.000         180.000           -8.832e+00          -1.776e+01             144.199          -9.428e+00              97.711           1.175e+01     
  12.000         180.000           -5.880e+00          -1.525e+01             132.065          -6.413e+00             101.373           1.550e+01     
  11.000         180.000           -3.681e+00          -1.328e+01             124.840          -4.186e+00             103.345           1.870e+01     
  10.000         180.000           -1.963e+00          -1.174e+01             119.985          -2.446e+00             104.562           2.171e+01     
   9.000         180.000           -5.784e-01          -1.053e+01             116.401          -1.041e+00             105.380           2.476e+01     
   8.000         180.000            5.567e-01          -9.587e+00             113.558           1.148e-01             105.964           2.815e+01     
   7.000         180.000            1.496e+00          -8.853e+00             111.170           1.075e+00             106.399           3.236e+01     
   6.000         180.000            2.273e+00          -8.298e+00             109.066           1.874e+00             106.733           3.877e+01     
   5.000         180.000            2.913e+00          -7.901e+00             107.132           2.537e+00             106.998           4.000e+01     
   4.000         180.000            3.431e+00          -7.648e+00             105.286           3.079e+00             107.213           4.000e+01     
   3.000         180.000            3.841e+00          -7.530e+00             103.456           3.512e+00             107.391           3.497e+01     
   2.000         180.000            4.149e+00          -7.542e+00             101.577           3.844e+00             107.542           3.166e+01     
   1.000         180.000            4.362e+00          -7.683e+00              99.579           4.082e+00             107.673           2.934e+01     
