Theta [deg.]  Phi   [deg.]  Abs(Gain)[dBi   ]   Abs(Theta)[dBi   ]  Phase(Theta)[deg.]  Abs(Phi  )[dBi   ]  Phase(Phi  )[deg.]  Ax.Ratio[dB    ]    

   0.000           0.000            7.283e+00          -9.821e+00             127.237           7.198e+00             278.276           2.345e+01     
   1.000           0.000            6.511e+00          -9.290e+00             126.956           6.395e+00             277.971           2.216e+01     
   2.000           0.000            5.642e+00          -8.843e+00             126.688           5.485e+00             277.679           2.086e+01     
   3.000           0.000            4.664e+00          -8.470e+00             126.425           4.447e+00             277.403           1.954e+01     
   4.000           0.000            3.558e+00          -8.167e+00             126.159           3.255e+00             277.152           1.818e+01     
   5.000           0.000            2.302e+00          -7.926e+00             125.886           1.869e+00             276.942           1.678e+01     
   6.000           0.000            8.699e-01          -7.744e+00             125.598           2.270e-01             276.799           1.535e+01     
   7.000           0.000           -7.663e-01          -7.618e+00             125.290          -1.771e+00             276.778           1.393e+01     
   8.000           0.000           -2.621e+00          -7.542e+00             124.954          -4.309e+00             277.003           1.274e+01     
   9.000           0.000           -4.638e+00          -7.516e+00             124.584          -7.785e+00             277.830           1.248e+01     
  10.000           0.000           -6.527e+00          -7.536e+00             124.172          -1.336e+01             280.837           1.565e+01     
  11.000           0.000           -7.564e+00          -7.601e+00             123.709          -2.829e+01             318.063           3.288e+01     
  12.000           0.000           -7.155e+00          -7.707e+00             123.186          -1.639e+01              82.298           1.304e+01     
  13.000           0.000           -5.786e+00          -7.854e+00             122.593          -1.000e+01              87.211           1.025e+01     
  14.000           0.000           -4.222e+00          -8.038e+00             121.918          -6.553e+00              88.327           1.056e+01     
  15.000           0.000           -2.803e+00          -8.258e+00             121.148          -4.258e+00              88.578           1.172e+01     
  16.000           0.000           -1.601e+00          -8.511e+00             120.268          -2.591e+00              88.483           1.305e+01     
  17.000           0.000           -6.092e-01          -8.796e+00             119.264          -1.324e+00              88.210           1.434e+01     
  18.000           0.000            2.020e-01          -9.108e+00             118.119          -3.395e-01              87.826           1.556e+01     
  19.000           0.000            8.588e-01          -9.445e+00             116.815           4.337e-01              87.361           1.671e+01     
  20.000           0.000            1.383e+00          -9.803e+00             115.335           1.040e+00              86.833           1.781e+01     
  21.000           0.000            1.794e+00          -1.018e+01             113.660           1.509e+00              86.251           1.888e+01     
  22.000           0.000            2.104e+00          -1.056e+01             111.774           1.862e+00              85.618           1.993e+01     
  23.000           0.000            2.324e+00          -1.095e+01             109.666           2.114e+00              84.937           2.098e+01     
  24.000           0.000            2.463e+00          -1.134e+01             107.326           2.278e+00              84.207           2.205e+01     
  25.000           0.000            2.528e+00          -1.171e+01             104.755           2.361e+00              83.427           2.315e+01     
  26.000           0.000            2.524e+00          -1.207e+01             101.962           2.371e+00              82.593           2.430e+01     
  27.000           0.000            2.457e+00          -1.239e+01              98.969           2.312e+00              81.702           2.552e+01     
  28.000           0.000            2.328e+00          -1.268e+01              95.812           2.189e+00              80.749           2.684e+01     
  29.000           0.000            2.141e+00          -1.293e+01              92.539           2.004e+00              79.727           2.828e+01     
  30.000           0.000            1.898e+00          -1.313e+01              89.208           1.760e+00              78.629           2.988e+01     
  31.000           0.000            1.602e+00          -1.328e+01              85.885           1.458e+00              77.445           3.168e+01     
  32.000           0.000            1.252e+00          -1.338e+01              82.635           1.100e+00              76.165           3.374e+01     
  33.000           0.000            8.504e-01          -1.343e+01              79.518           6.850e-01              74.772           3.608e+01     
  34.000           0.000            3.984e-01          -1.343e+01              76.588           2.148e-01              73.254           3.872e+01     
  35.000           0.000           -1.036e-01          -1.340e+01              73.880          -3.117e-01              71.587           4.000e+01     
  36.000           0.000           -6.548e-01          -1.334e+01              71.420          -8.951e-01              69.747           4.000e+01     
  37.000           0.000           -1.254e+00          -1.326e+01              69.218          -1.536e+00              67.701           4.000e+01     
  38.000           0.000           -1.900e+00          -1.317e+01              67.274          -2.237e+00              65.408           4.000e+01     
  39.000           0.000           -2.589e+00          -1.306e+01              65.580          -2.997e+00              62.818           3.722e+01     
  40.000           0.000           -3.319e+00          -1.296e+01              64.121          -3.819e+00              59.866           3.272e+01     
  41.000           0.000           -4.082e+00          -1.285e+01              62.879          -4.701e+00              56.469           2.842e+01     
  42.000           0.000           -4.868e+00          -1.275e+01              61.833          -5.641e+00              52.522           2.444e+01     
  43.000           0.000           -5.665e+00          -1.265e+01              60.960          -6.634e+00              47.891           2.080e+01     
  44.000           0.000           -6.450e+00          -1.257e+01              60.242          -7.667e+00              42.417           1.746e+01     
  45.000           0.000           -7.198e+00          -1.250e+01              59.656          -8.717e+00              35.918           1.441e+01     
  46.000           0.000           -7.876e+00          -1.244e+01              59.184          -9.745e+00              28.221           1.163e+01     
  47.000           0.000           -8.450e+00          -1.239e+01              58.808          -1.069e+01              19.225           9.091e+00     
  48.000           0.000           -8.890e+00          -1.237e+01              58.513          -1.148e+01               9.007           6.794e+00     
  49.000           0.000           -9.179e+00          -1.235e+01              58.283          -1.203e+01             357.922           4.720e+00     
  50.000           0.000           -9.319e+00          -1.236e+01              58.106          -1.230e+01             346.597           2.854e+00     
  51.000           0.000           -9.330e+00          -1.237e+01              57.968          -1.231e+01             335.739           1.184e+00     
  52.000           0.000           -9.242e+00          -1.241e+01              57.861          -1.210e+01             325.884           4.319e-01     
  53.000           0.000           -9.088e+00          -1.246e+01              57.774          -1.176e+01             317.272           1.750e+00     
  54.000           0.000           -8.897e+00          -1.253e+01              57.698          -1.136e+01             309.899           2.989e+00     
  55.000           0.000           -8.695e+00          -1.262e+01              57.629          -1.095e+01             303.619           4.125e+00     
  56.000           0.000           -8.497e+00          -1.272e+01              57.554          -1.056e+01             298.263           5.166e+00     
  57.000           0.000           -8.315e+00          -1.284e+01              57.469          -1.021e+01             293.649           6.127e+00     
  58.000           0.000           -8.158e+00          -1.297e+01              57.370          -9.897e+00             289.627           7.019e+00     
  59.000           0.000           -8.028e+00          -1.312e+01              57.251          -9.636e+00             286.074           7.851e+00     
  60.000           0.000           -7.927e+00          -1.329e+01              57.106          -9.421e+00             282.893           8.631e+00     
  61.000           0.000           -7.857e+00          -1.347e+01              56.931          -9.252e+00             280.010           9.367e+00     
  62.000           0.000           -7.817e+00          -1.367e+01              56.722          -9.125e+00             277.364           1.006e+01     
  63.000           0.000           -7.806e+00          -1.388e+01              56.475          -9.038e+00             274.908           1.073e+01     
  64.000           0.000           -7.821e+00          -1.410e+01              56.185          -8.987e+00             272.607           1.136e+01     
  65.000           0.000           -7.863e+00          -1.434e+01              55.849          -8.970e+00             270.428           1.197e+01     
  66.000           0.000           -7.929e+00          -1.460e+01              55.461          -8.982e+00             268.350           1.256e+01     
  67.000           0.000           -8.016e+00          -1.486e+01              55.019          -9.022e+00             266.353           1.312e+01     
  68.000           0.000           -8.125e+00          -1.514e+01              54.518          -9.086e+00             264.421           1.366e+01     
  69.000           0.000           -8.252e+00          -1.544e+01              53.954          -9.173e+00             262.540           1.418e+01     
  70.000           0.000           -8.395e+00          -1.574e+01              53.320          -9.279e+00             260.702           1.469e+01     
  71.000           0.000           -8.554e+00          -1.606e+01              52.614          -9.403e+00             258.897           1.517e+01     
  72.000           0.000           -8.727e+00          -1.639e+01              51.828          -9.542e+00             257.119           1.563e+01     
  73.000           0.000           -8.911e+00          -1.673e+01              50.958          -9.695e+00             255.362           1.607e+01     
  74.000           0.000           -9.105e+00          -1.708e+01              49.997          -9.859e+00             253.621           1.648e+01     
  75.000           0.000           -9.308e+00          -1.745e+01              48.938          -1.003e+01             251.895           1.686e+01     
  76.000           0.000           -9.517e+00          -1.782e+01              47.773          -1.021e+01             250.180           1.721e+01     
  77.000           0.000           -9.732e+00          -1.820e+01              46.494          -1.040e+01             248.476           1.751e+01     
  78.000           0.000           -9.951e+00          -1.859e+01              45.091          -1.059e+01             246.782           1.778e+01     
  79.000           0.000           -1.017e+01          -1.898e+01              43.555          -1.078e+01             245.098           1.799e+01     
  80.000           0.000           -1.039e+01          -1.939e+01              41.874          -1.098e+01             243.426           1.814e+01     
  81.000           0.000           -1.062e+01          -1.979e+01              40.036          -1.118e+01             241.765           1.824e+01     
  82.000           0.000           -1.084e+01          -2.021e+01              38.027          -1.137e+01             240.120           1.827e+01     
  83.000           0.000           -1.106e+01          -2.062e+01              35.833          -1.156e+01             238.491           1.823e+01     
  84.000           0.000           -1.127e+01          -2.104e+01              33.440          -1.175e+01             236.881           1.813e+01     
  85.000           0.000           -1.148e+01          -2.146e+01              30.830          -1.194e+01             235.294           1.796e+01     
  86.000           0.000           -1.168e+01          -2.187e+01              27.988          -1.212e+01             233.731           1.772e+01     
  87.000           0.000           -1.188e+01          -2.227e+01              24.898          -1.230e+01             232.196           1.742e+01     
  88.000           0.000           -1.208e+01          -2.266e+01              21.546          -1.247e+01             230.692           1.706e+01     
  89.000           0.000           -1.226e+01          -2.304e+01              17.919          -1.264e+01             229.220           1.666e+01     
  90.000           0.000           -1.244e+01          -2.339e+01              14.012          -1.281e+01             227.783           1.621e+01     
  91.000           0.000           -1.261e+01          -2.371e+01               9.821          -1.297e+01             226.382           1.572e+01     
  92.000           0.000           -1.278e+01          -2.400e+01               5.356          -1.312e+01             225.019           1.521e+01     
  93.000           0.000           -1.294e+01          -2.425e+01               0.633          -1.327e+01             223.692           1.467e+01     
  94.000           0.000           -1.309e+01          -2.445e+01             355.683          -1.342e+01             222.403           1.411e+01     
  95.000           0.000           -1.324e+01          -2.459e+01             350.546          -1.357e+01             221.150           1.354e+01     
  96.000           0.000           -1.338e+01          -2.467e+01             345.274          -1.372e+01             219.931           1.297e+01     
  97.000           0.000           -1.352e+01          -2.470e+01             339.925          -1.387e+01             218.743           1.239e+01     
  98.000           0.000           -1.366e+01          -2.466e+01             334.562          -1.401e+01             217.583           1.181e+01     
  99.000           0.000           -1.379e+01          -2.456e+01             329.243          -1.417e+01             216.446           1.122e+01     
 100.000           0.000           -1.392e+01          -2.440e+01             324.023          -1.432e+01             215.327           1.064e+01     
 101.000           0.000           -1.405e+01          -2.420e+01             318.943          -1.449e+01             214.220           1.007e+01     
 102.000           0.000           -1.418e+01          -2.395e+01             314.034          -1.466e+01             213.116           9.493e+00     
 103.000           0.000           -1.431e+01          -2.367e+01             309.317          -1.484e+01             212.007           8.923e+00     
 104.000           0.000           -1.444e+01          -2.336e+01             304.800          -1.503e+01             210.882           8.357e+00     
 105.000           0.000           -1.457e+01          -2.303e+01             300.481          -1.524e+01             209.732           7.793e+00     
 106.000           0.000           -1.471e+01          -2.269e+01             296.353          -1.546e+01             208.541           7.233e+00     
 107.000           0.000           -1.485e+01          -2.233e+01             292.405          -1.570e+01             207.293           6.676e+00     
 108.000           0.000           -1.499e+01          -2.197e+01             288.619          -1.596e+01             205.972           6.122e+00     
 109.000           0.000           -1.514e+01          -2.160e+01             284.980          -1.625e+01             204.554           5.573e+00     
 110.000           0.000           -1.528e+01          -2.123e+01             281.470          -1.655e+01             203.014           5.030e+00     
 111.000           0.000           -1.543e+01          -2.087e+01             278.072          -1.689e+01             201.321           4.497e+00     
 112.000           0.000           -1.557e+01          -2.051e+01             274.768          -1.726e+01             199.438           3.984e+00     
 113.000           0.000           -1.571e+01          -2.015e+01             271.545          -1.765e+01             197.318           3.504e+00     
 114.000           0.000           -1.585e+01          -1.980e+01             268.389          -1.808e+01             194.906           3.082e+00     
 115.000           0.000           -1.596e+01          -1.946e+01             265.286          -1.854e+01             192.136           2.753e+00     
 116.000           0.000           -1.606e+01          -1.912e+01             262.228          -1.903e+01             188.925           2.569e+00     
 117.000           0.000           -1.614e+01          -1.878e+01             259.205          -1.954e+01             185.179           2.572e+00     
 118.000           0.000           -1.618e+01          -1.845e+01             256.209          -2.007e+01             180.791           2.768e+00     
 119.000           0.000           -1.618e+01          -1.813e+01             253.237          -2.059e+01             175.650           3.122e+00     
 120.000           0.000           -1.614e+01          -1.781e+01             250.283          -2.108e+01             169.665           3.580e+00     
 121.000           0.000           -1.605e+01          -1.750e+01             247.346          -2.150e+01             162.793           4.092e+00     
 122.000           0.000           -1.590e+01          -1.719e+01             244.425          -2.181e+01             155.097           4.615e+00     
 123.000           0.000           -1.571e+01          -1.689e+01             241.522          -2.195e+01             146.784           5.117e+00     
 124.000           0.000           -1.547e+01          -1.659e+01             238.637          -2.190e+01             138.206           5.571e+00     
 125.000           0.000           -1.519e+01          -1.630e+01             235.774          -2.166e+01             129.794           5.956e+00     
 126.000           0.000           -1.487e+01          -1.601e+01             232.934          -2.124e+01             121.930           6.260e+00     
 127.000           0.000           -1.453e+01          -1.573e+01             230.126          -2.069e+01             114.901           6.472e+00     
 128.000           0.000           -1.416e+01          -1.545e+01             227.355          -2.006e+01             108.813           6.594e+00     
 129.000           0.000           -1.378e+01          -1.518e+01             224.623          -1.939e+01             103.659           6.630e+00     
 130.000           0.000           -1.340e+01          -1.492e+01             221.938          -1.871e+01              99.363           6.589e+00     
 131.000           0.000           -1.303e+01          -1.467e+01             219.304          -1.806e+01              95.820           6.481e+00     
 132.000           0.000           -1.266e+01          -1.442e+01             216.725          -1.743e+01              92.923           6.317e+00     
 133.000           0.000           -1.231e+01          -1.419e+01             214.205          -1.685e+01              90.574           6.108e+00     
 134.000           0.000           -1.197e+01          -1.397e+01             211.749          -1.631e+01              88.690           5.862e+00     
 135.000           0.000           -1.166e+01          -1.377e+01             209.358          -1.582e+01              87.202           5.587e+00     
 136.000           0.000           -1.138e+01          -1.358e+01             207.035          -1.537e+01              86.055           5.290e+00     
 137.000           0.000           -1.112e+01          -1.342e+01             204.779          -1.498e+01              85.203           4.975e+00     
 138.000           0.000           -1.089e+01          -1.327e+01             202.591          -1.464e+01              84.611           4.646e+00     
 139.000           0.000           -1.070e+01          -1.315e+01             200.470          -1.435e+01              84.252           4.304e+00     
 140.000           0.000           -1.054e+01          -1.306e+01             198.414          -1.411e+01              84.104           3.953e+00     
 141.000           0.000           -1.042e+01          -1.300e+01             196.419          -1.392e+01              84.149           3.592e+00     
 142.000           0.000           -1.034e+01          -1.296e+01             194.481          -1.378e+01              84.375           3.222e+00     
 143.000           0.000           -1.030e+01          -1.297e+01             192.595          -1.369e+01              84.774           2.843e+00     
 144.000           0.000           -1.031e+01          -1.301e+01             190.755          -1.365e+01              85.339           2.453e+00     
 145.000           0.000           -1.035e+01          -1.309e+01             188.952          -1.366e+01              86.068           2.052e+00     
 146.000           0.000           -1.045e+01          -1.322e+01             187.176          -1.372e+01              86.959           1.638e+00     
 147.000           0.000           -1.060e+01          -1.340e+01             185.416          -1.384e+01              88.017           1.211e+00     
 148.000           0.000           -1.081e+01          -1.363e+01             183.659          -1.402e+01              89.254           7.732e-01     
 149.000           0.000           -1.108e+01          -1.393e+01             181.882          -1.426e+01              90.665           3.774e-01     
 150.000           0.000           -1.141e+01          -1.429e+01             180.064          -1.456e+01              92.272           4.279e-01     
 151.000           0.000           -1.182e+01          -1.474e+01             178.173          -1.493e+01              94.093           9.205e-01     
 152.000           0.000           -1.231e+01          -1.526e+01             176.166          -1.538e+01              96.159           1.527e+00     
 153.000           0.000           -1.290e+01          -1.589e+01             173.985          -1.592e+01              98.508           2.226e+00     
 154.000           0.000           -1.359e+01          -1.664e+01             171.544          -1.655e+01             101.202           3.042e+00     
 155.000           0.000           -1.440e+01          -1.752e+01             168.714          -1.730e+01             104.330           4.026e+00     
 156.000           0.000           -1.536e+01          -1.857e+01             165.294          -1.818e+01             108.030           5.273e+00     
 157.000           0.000           -1.650e+01          -1.982e+01             160.952          -1.922e+01             112.527           6.973e+00     
 158.000           0.000           -1.784e+01          -2.129e+01             155.112          -2.046e+01             118.201           9.583e+00     
 159.000           0.000           -1.943e+01          -2.303e+01             146.728          -2.192e+01             125.726           1.472e+01     
 160.000           0.000           -2.122e+01          -2.496e+01             133.941          -2.362e+01             136.338           3.369e+01     
 161.000           0.000           -2.300e+01          -2.668e+01             114.242          -2.543e+01             152.171           9.392e+00     
 162.000           0.000           -2.400e+01          -2.725e+01              88.149          -2.679e+01             175.504           6.063e-01     
 163.000           0.000           -2.340e+01          -2.615e+01              63.667          -2.669e+01             203.670           8.802e+00     
 164.000           0.000           -2.161e+01          -2.424e+01              46.630          -2.504e+01             227.760           4.000e+01     
 165.000           0.000           -1.957e+01          -2.233e+01              35.813          -2.286e+01             244.310           1.192e+01     
 166.000           0.000           -1.769e+01          -2.065e+01              28.786          -2.076e+01             255.436           7.308e+00     
 167.000           0.000           -1.605e+01          -1.924e+01              23.992          -1.888e+01             263.356           4.897e+00     
 168.000           0.000           -1.461e+01          -1.805e+01              20.576          -1.724e+01             269.376           3.393e+00     
 169.000           0.000           -1.336e+01          -1.706e+01              18.062          -1.579e+01             274.208           2.480e+00     
 170.000           0.000           -1.226e+01          -1.623e+01              16.173          -1.449e+01             278.251           2.123e+00     
 171.000           0.000           -1.128e+01          -1.555e+01              14.741          -1.332e+01             281.736           2.273e+00     
 172.000           0.000           -1.041e+01          -1.499e+01              13.657          -1.227e+01             284.808           2.734e+00     
 173.000           0.000           -9.617e+00          -1.455e+01              12.854          -1.130e+01             287.558           3.332e+00     
 174.000           0.000           -8.899e+00          -1.421e+01              12.283          -1.041e+01             290.047           3.990e+00     
 175.000           0.000           -8.244e+00          -1.397e+01              11.917          -9.595e+00             292.317           4.677e+00     
 176.000           0.000           -7.643e+00          -1.382e+01              11.734          -8.841e+00             294.398           5.383e+00     
 177.000           0.000           -7.090e+00          -1.376e+01              11.726          -8.142e+00             296.313           6.106e+00     
 178.000           0.000           -6.580e+00          -1.379e+01              11.888          -7.495e+00             298.079           6.848e+00     
 179.000           0.000           -6.107e+00          -1.391e+01              12.223          -6.895e+00             299.708           7.612e+00     
 180.000           0.000           -5.669e+00          -1.411e+01              12.742          -6.340e+00             301.216           8.401e+00     
 179.000         180.000           -5.263e+00          -1.441e+01             193.460          -5.827e+00             122.605           9.220e+00     
 178.000         180.000           -4.886e+00          -1.479e+01             194.404          -5.354e+00             123.887           1.007e+01     
 177.000         180.000           -4.536e+00          -1.528e+01             195.612          -4.919e+00             125.068           1.097e+01     
 176.000         180.000           -4.213e+00          -1.587e+01             197.138          -4.521e+00             126.157           1.191e+01     
 175.000         180.000           -3.916e+00          -1.658e+01             199.060          -4.158e+00             127.159           1.291e+01     
 174.000         180.000           -3.642e+00          -1.740e+01             201.490          -3.829e+00             128.079           1.398e+01     
 173.000         180.000           -3.393e+00          -1.837e+01             204.595          -3.534e+00             128.925           1.512e+01     
 172.000         180.000           -3.168e+00          -1.947e+01             208.624          -3.270e+00             129.700           1.638e+01     
 171.000         180.000           -2.966e+00          -2.074e+01             213.961          -3.039e+00             130.412           1.776e+01     
 170.000         180.000           -2.788e+00          -2.214e+01             221.187          -2.838e+00             131.064           1.930e+01     
 169.000         180.000           -2.633e+00          -2.363e+01             231.126          -2.668e+00             131.662           2.108e+01     
 168.000         180.000           -2.503e+00          -2.502e+01             244.684          -2.527e+00             132.212           2.319e+01     
 167.000         180.000           -2.396e+00          -2.598e+01             261.990          -2.416e+00             132.719           2.580e+01     
 166.000         180.000           -2.314e+00          -2.615e+01             281.034          -2.332e+00             133.188           2.933e+01     
 165.000         180.000           -2.257e+00          -2.555e+01             298.366          -2.278e+00             133.625           3.490e+01     
 164.000         180.000           -2.225e+00          -2.452e+01             312.061          -2.251e+00             134.034           4.000e+01     
 163.000         180.000           -2.218e+00          -2.342e+01             322.304          -2.251e+00             134.423           3.849e+01     
 162.000         180.000           -2.236e+00          -2.240e+01             330.013          -2.278e+00             134.796           3.182e+01     
 161.000         180.000           -2.280e+00          -2.152e+01             336.012          -2.333e+00             135.161           2.825e+01     
 160.000         180.000           -2.351e+00          -2.080e+01             340.885          -2.413e+00             135.522           2.585e+01     
 159.000         180.000           -2.447e+00          -2.023e+01             345.023          -2.520e+00             135.887           2.407e+01     
 158.000         180.000           -2.570e+00          -1.980e+01             348.689          -2.653e+00             136.263           2.268e+01     
 157.000         180.000           -2.720e+00          -1.949e+01             352.068          -2.812e+00             136.658           2.154e+01     
 156.000         180.000           -2.897e+00          -1.930e+01             355.298          -2.997e+00             137.079           2.060e+01     
 155.000         180.000           -3.100e+00          -1.922e+01             358.490          -3.208e+00             137.535           1.981e+01     
 154.000         180.000           -3.331e+00          -1.924e+01               1.736          -3.444e+00             138.036           1.913e+01     
 153.000         180.000           -3.589e+00          -1.936e+01               5.127          -3.705e+00             138.591           1.855e+01     
 152.000         180.000           -3.873e+00          -1.956e+01               8.749          -3.992e+00             139.212           1.804e+01     
 151.000         180.000           -4.184e+00          -1.985e+01              12.699          -4.304e+00             139.911           1.761e+01     
 150.000         180.000           -4.522e+00          -2.021e+01              17.081          -4.641e+00             140.701           1.723e+01     
 149.000         180.000           -4.886e+00          -2.064e+01              22.010          -5.003e+00             141.597           1.691e+01     
 148.000         180.000           -5.274e+00          -2.111e+01              27.612          -5.388e+00             142.615           1.662e+01     
 147.000         180.000           -5.686e+00          -2.162e+01              34.015          -5.798e+00             143.772           1.637e+01     
 146.000         180.000           -6.120e+00          -2.211e+01              41.316          -6.230e+00             145.091           1.615e+01     
 145.000         180.000           -6.573e+00          -2.255e+01              49.554          -6.684e+00             146.591           1.594e+01     
 144.000         180.000           -7.043e+00          -2.289e+01              58.643          -7.158e+00             148.298           1.573e+01     
 143.000         180.000           -7.526e+00          -2.307e+01              68.339          -7.649e+00             150.237           1.551e+01     
 142.000         180.000           -8.016e+00          -2.306e+01              78.244          -8.154e+00             152.435           1.526e+01     
 141.000         180.000           -8.508e+00          -2.287e+01              87.905          -8.670e+00             154.919           1.498e+01     
 140.000         180.000           -8.993e+00          -2.253e+01              96.935          -9.190e+00             157.717           1.462e+01     
 139.000         180.000           -9.463e+00          -2.208e+01             105.104          -9.707e+00             160.850           1.419e+01     
 138.000         180.000           -9.908e+00          -2.158e+01             112.336          -1.021e+01             164.337           1.368e+01     
 137.000         180.000           -1.032e+01          -2.105e+01             118.675          -1.070e+01             168.182           1.308e+01     
 136.000         180.000           -1.068e+01          -2.054e+01             124.218          -1.115e+01             172.377           1.240e+01     
 135.000         180.000           -1.099e+01          -2.006e+01             129.088          -1.156e+01             176.892           1.168e+01     
 134.000         180.000           -1.124e+01          -1.962e+01             133.399          -1.192e+01             181.675           1.093e+01     
 133.000         180.000           -1.143e+01          -1.924e+01             137.257          -1.221e+01             186.652           1.020e+01     
 132.000         180.000           -1.155e+01          -1.890e+01             140.750          -1.243e+01             191.731           9.504e+00     
 131.000         180.000           -1.162e+01          -1.862e+01             143.951          -1.259e+01             196.811           8.881e+00     
 130.000         180.000           -1.164e+01          -1.840e+01             146.923          -1.267e+01             201.792           8.348e+00     
 129.000         180.000           -1.161e+01          -1.822e+01             149.717          -1.269e+01             206.587           7.916e+00     
 128.000         180.000           -1.156e+01          -1.809e+01             152.376          -1.265e+01             211.126           7.593e+00     
 127.000         180.000           -1.148e+01          -1.802e+01             154.938          -1.257e+01             215.367           7.379e+00     
 126.000         180.000           -1.139e+01          -1.799e+01             157.435          -1.246e+01             219.284           7.270e+00     
 125.000         180.000           -1.129e+01          -1.800e+01             159.896          -1.233e+01             222.872           7.261e+00     
 124.000         180.000           -1.119e+01          -1.806e+01             162.349          -1.219e+01             226.141           7.342e+00     
 123.000         180.000           -1.109e+01          -1.816e+01             164.820          -1.204e+01             229.108           7.506e+00     
 122.000         180.000           -1.100e+01          -1.830e+01             167.333          -1.189e+01             231.797           7.745e+00     
 121.000         180.000           -1.091e+01          -1.849e+01             169.915          -1.174e+01             234.233           8.051e+00     
 120.000         180.000           -1.083e+01          -1.871e+01             172.592          -1.160e+01             236.442           8.421e+00     
 119.000         180.000           -1.076e+01          -1.897e+01             175.394          -1.147e+01             238.448           8.851e+00     
 118.000         180.000           -1.070e+01          -1.926e+01             178.351          -1.135e+01             240.276           9.341e+00     
 117.000         180.000           -1.065e+01          -1.959e+01             181.499          -1.124e+01             241.945           9.893e+00     
 116.000         180.000           -1.061e+01          -1.994e+01             184.874          -1.115e+01             243.475           1.051e+01     
 115.000         180.000           -1.057e+01          -2.033e+01             188.520          -1.106e+01             244.883           1.120e+01     
 114.000         180.000           -1.054e+01          -2.074e+01             192.482          -1.098e+01             246.184           1.197e+01     
 113.000         180.000           -1.052e+01          -2.116e+01             196.808          -1.091e+01             247.391           1.283e+01     
 112.000         180.000           -1.050e+01          -2.159e+01             201.546          -1.085e+01             248.515           1.381e+01     
 111.000         180.000           -1.048e+01          -2.201e+01             206.739          -1.080e+01             249.566           1.493e+01     
 110.000         180.000           -1.046e+01          -2.241e+01             212.417          -1.075e+01             250.552           1.622e+01     
 109.000         180.000           -1.044e+01          -2.278e+01             218.588          -1.070e+01             251.482           1.775e+01     
 108.000         180.000           -1.042e+01          -2.308e+01             225.224          -1.066e+01             252.361           1.963e+01     
 107.000         180.000           -1.039e+01          -2.330e+01             232.248          -1.062e+01             253.195           2.202e+01     
 106.000         180.000           -1.036e+01          -2.343e+01             239.538          -1.058e+01             253.989           2.531e+01     
 105.000         180.000           -1.033e+01          -2.344e+01             246.927          -1.054e+01             254.746           3.065e+01     
 104.000         180.000           -1.028e+01          -2.334e+01             254.233          -1.050e+01             255.470           4.000e+01     
 103.000         180.000           -1.023e+01          -2.314e+01             261.281          -1.046e+01             256.163           3.413e+01     
 102.000         180.000           -1.016e+01          -2.285e+01             267.932          -1.040e+01             256.827           2.721e+01     
 101.000         180.000           -1.009e+01          -2.248e+01             274.096          -1.035e+01             257.464           2.348e+01     
 100.000         180.000           -1.000e+01          -2.207e+01             279.731          -1.028e+01             258.076           2.093e+01     
  99.000         180.000           -9.906e+00          -2.162e+01             284.831          -1.021e+01             258.663           1.902e+01     
  98.000         180.000           -9.796e+00          -2.116e+01             289.419          -1.013e+01             259.225           1.751e+01     
  97.000         180.000           -9.675e+00          -2.069e+01             293.535          -1.003e+01             259.764           1.627e+01     
  96.000         180.000           -9.542e+00          -2.022e+01             297.222          -9.930e+00             260.279           1.523e+01     
  95.000         180.000           -9.396e+00          -1.976e+01             300.525          -9.815e+00             260.770           1.436e+01     
  94.000         180.000           -9.239e+00          -1.932e+01             303.488          -9.688e+00             261.237           1.360e+01     
  93.000         180.000           -9.071e+00          -1.889e+01             306.151          -9.549e+00             261.680           1.296e+01     
  92.000         180.000           -8.892e+00          -1.848e+01             308.547          -9.398e+00             262.098           1.240e+01     
  91.000         180.000           -8.702e+00          -1.808e+01             310.708          -9.235e+00             262.492           1.192e+01     
  90.000         180.000           -8.503e+00          -1.770e+01             312.659          -9.060e+00             262.860           1.150e+01     
  89.000         180.000           -8.295e+00          -1.734e+01             314.423          -8.873e+00             263.203           1.115e+01     
  88.000         180.000           -8.079e+00          -1.700e+01             316.019          -8.674e+00             263.520           1.084e+01     
  87.000         180.000           -7.855e+00          -1.668e+01             317.463          -8.466e+00             263.812           1.059e+01     
  86.000         180.000           -7.625e+00          -1.637e+01             318.770          -8.247e+00             264.078           1.037e+01     
  85.000         180.000           -7.389e+00          -1.608e+01             319.952          -8.019e+00             264.317           1.020e+01     
  84.000         180.000           -7.147e+00          -1.581e+01             321.019          -7.782e+00             264.531           1.006e+01     
  83.000         180.000           -6.902e+00          -1.556e+01             321.982          -7.539e+00             264.719           9.956e+00     
  82.000         180.000           -6.654e+00          -1.531e+01             322.847          -7.289e+00             264.881           9.881e+00     
  81.000         180.000           -6.403e+00          -1.509e+01             323.623          -7.035e+00             265.017           9.834e+00     
  80.000         180.000           -6.151e+00          -1.488e+01             324.316          -6.776e+00             265.127           9.812e+00     
  79.000         180.000           -5.899e+00          -1.469e+01             324.932          -6.515e+00             265.211           9.814e+00     
  78.000         180.000           -5.648e+00          -1.451e+01             325.477          -6.253e+00             265.268           9.837e+00     
  77.000         180.000           -5.398e+00          -1.434e+01             325.954          -5.991e+00             265.300           9.881e+00     
  76.000         180.000           -5.152e+00          -1.420e+01             326.369          -5.730e+00             265.304           9.943e+00     
  75.000         180.000           -4.910e+00          -1.407e+01             326.727          -5.472e+00             265.281           1.002e+01     
  74.000         180.000           -4.673e+00          -1.395e+01             327.031          -5.218e+00             265.231           1.012e+01     
  73.000         180.000           -4.442e+00          -1.386e+01             327.286          -4.970e+00             265.151           1.022e+01     
  72.000         180.000           -4.220e+00          -1.378e+01             327.495          -4.729e+00             265.041           1.034e+01     
  71.000         180.000           -4.006e+00          -1.372e+01             327.662          -4.497e+00             264.900           1.048e+01     
  70.000         180.000           -3.803e+00          -1.368e+01             327.792          -4.275e+00             264.726           1.062e+01     
  69.000         180.000           -3.612e+00          -1.365e+01             327.888          -4.065e+00             264.516           1.077e+01     
  68.000         180.000           -3.434e+00          -1.366e+01             327.953          -3.868e+00             264.268           1.093e+01     
  67.000         180.000           -3.272e+00          -1.368e+01             327.993          -3.686e+00             263.978           1.110e+01     
  66.000         180.000           -3.126e+00          -1.373e+01             328.011          -3.522e+00             263.643           1.128e+01     
  65.000         180.000           -2.999e+00          -1.381e+01             328.011          -3.376e+00             263.258           1.146e+01     
  64.000         180.000           -2.893e+00          -1.391e+01             327.999          -3.251e+00             262.818           1.165e+01     
  63.000         180.000           -2.810e+00          -1.405e+01             327.980          -3.149e+00             262.314           1.184e+01     
  62.000         180.000           -2.752e+00          -1.422e+01             327.959          -3.073e+00             261.739           1.204e+01     
  61.000         180.000           -2.722e+00          -1.443e+01             327.943          -3.025e+00             261.083           1.224e+01     
  60.000         180.000           -2.722e+00          -1.469e+01             327.940          -3.007e+00             260.332           1.245e+01     
  59.000         180.000           -2.756e+00          -1.499e+01             327.959          -3.024e+00             259.470           1.267e+01     
  58.000         180.000           -2.827e+00          -1.534e+01             328.012          -3.078e+00             258.478           1.289e+01     
  57.000         180.000           -2.940e+00          -1.575e+01             328.113          -3.173e+00             257.330           1.313e+01     
  56.000         180.000           -3.098e+00          -1.623e+01             328.280          -3.314e+00             255.994           1.338e+01     
  55.000         180.000           -3.306e+00          -1.679e+01             328.539          -3.505e+00             254.427           1.366e+01     
  54.000         180.000           -3.569e+00          -1.745e+01             328.927          -3.751e+00             252.573           1.397e+01     
  53.000         180.000           -3.893e+00          -1.822e+01             329.494          -4.057e+00             250.360           1.433e+01     
  52.000         180.000           -4.283e+00          -1.913e+01             330.321          -4.428e+00             247.690           1.477e+01     
  51.000         180.000           -4.742e+00          -2.021e+01             331.536          -4.867e+00             244.427           1.535e+01     
  50.000         180.000           -5.272e+00          -2.152e+01             333.362          -5.376e+00             240.391           1.616e+01     
  49.000         180.000           -5.864e+00          -2.314e+01             336.222          -5.946e+00             235.339           1.736e+01     
  48.000         180.000           -6.496e+00          -2.519e+01             341.007          -6.555e+00             228.963           1.931e+01     
  47.000         180.000           -7.116e+00          -2.784e+01             349.879          -7.153e+00             220.912           2.290e+01     
  46.000         180.000           -7.627e+00          -3.111e+01               8.704          -7.647e+00             210.907           3.195e+01     
  45.000         180.000           -7.885e+00          -3.320e+01              47.234          -7.898e+00             198.998           3.182e+01     
  44.000         180.000           -7.742e+00          -3.092e+01              85.903          -7.763e+00             185.862           2.329e+01     
  43.000         180.000           -7.141e+00          -2.743e+01             104.847          -7.181e+00             172.763           2.093e+01     
  42.000         180.000           -6.158e+00          -2.457e+01             113.768          -6.221e+00             160.943           2.110e+01     
  41.000         180.000           -4.949e+00          -2.231e+01             118.577          -5.030e+00             151.037           2.281e+01     
  40.000         180.000           -3.652e+00          -2.049e+01             121.452          -3.743e+00             143.066           2.558e+01     
  39.000         180.000           -2.357e+00          -1.899e+01             123.288          -2.453e+00             136.741           2.938e+01     
  38.000         180.000           -1.112e+00          -1.772e+01             124.509          -1.207e+00             131.712           3.474e+01     
  37.000         180.000            6.467e-02          -1.664e+01             125.339          -2.898e-02             127.674           4.000e+01     
  36.000         180.000            1.165e+00          -1.572e+01             125.904           1.075e+00             124.388           4.000e+01     
  35.000         180.000            2.189e+00          -1.492e+01             126.285           2.104e+00             121.675           3.909e+01     
  34.000         180.000            3.141e+00          -1.424e+01             126.531           3.061e+00             119.406           3.559e+01     
  33.000         180.000            4.025e+00          -1.365e+01             126.676           3.950e+00             117.482           3.368e+01     
  32.000         180.000            4.845e+00          -1.316e+01             126.746           4.775e+00             115.831           3.252e+01     
  31.000         180.000            5.605e+00          -1.275e+01             126.754           5.541e+00             114.398           3.181e+01     
  30.000         180.000            6.309e+00          -1.243e+01             126.713           6.251e+00             113.143           3.138e+01     
  29.000         180.000            6.961e+00          -1.217e+01             126.633           6.908e+00             112.032           3.115e+01     
  28.000         180.000            7.563e+00          -1.200e+01             126.518           7.515e+00             111.041           3.108e+01     
  27.000         180.000            8.118e+00          -1.190e+01             126.375           8.074e+00             110.149           3.113e+01     
  26.000         180.000            8.627e+00          -1.188e+01             126.204           8.588e+00             109.341           3.129e+01     
  25.000         180.000            9.093e+00          -1.194e+01             126.008           9.058e+00             108.603           3.155e+01     
  24.000         180.000            9.517e+00          -1.209e+01             125.785           9.486e+00             107.925           3.189e+01     
  23.000         180.000            9.899e+00          -1.232e+01             125.533           9.873e+00             107.297           3.233e+01     
  22.000         180.000            1.024e+01          -1.265e+01             125.249           1.022e+01             106.714           3.287e+01     
  21.000         180.000            1.055e+01          -1.309e+01             124.925           1.053e+01             106.168           3.351e+01     
  20.000         180.000            1.081e+01          -1.366e+01             124.550           1.079e+01             105.654           3.427e+01     
  19.000         180.000            1.104e+01          -1.437e+01             124.104           1.102e+01             105.169           3.519e+01     
  18.000         180.000            1.123e+01          -1.526e+01             123.558           1.122e+01             104.708           3.631e+01     
  17.000         180.000            1.138e+01          -1.637e+01             122.860           1.137e+01             104.267           3.768e+01     
  16.000         180.000            1.149e+01          -1.778e+01             121.913           1.148e+01             103.845           3.944e+01     
  15.000         180.000            1.156e+01          -1.962e+01             120.513           1.156e+01             103.439           4.000e+01     
  14.000         180.000            1.160e+01          -2.212e+01             118.172           1.159e+01             103.046           4.000e+01     
  13.000         180.000            1.159e+01          -2.583e+01             113.285           1.159e+01             102.665           4.000e+01     
  12.000         180.000            1.155e+01          -3.244e+01              96.681           1.155e+01             102.293           4.000e+01     
  11.000         180.000            1.146e+01          -3.642e+01             358.705           1.146e+01             101.931           4.000e+01     
  10.000         180.000            1.134e+01          -2.761e+01             323.046           1.134e+01             101.576           4.000e+01     
   9.000         180.000            1.117e+01          -2.287e+01             315.819           1.117e+01             101.227           3.895e+01     
   8.000         180.000            1.095e+01          -1.976e+01             312.814           1.095e+01             100.883           3.625e+01     
   7.000         180.000            1.069e+01          -1.749e+01             311.149           1.068e+01             100.544           3.404e+01     
   6.000         180.000            1.038e+01          -1.570e+01             310.075           1.037e+01             100.209           3.214e+01     
   5.000         180.000            1.002e+01          -1.426e+01             309.312           1.000e+01              99.878           3.045e+01     
   4.000         180.000            9.598e+00          -1.305e+01             308.732           9.574e+00              99.550           2.890e+01     
   3.000         180.000            9.121e+00          -1.204e+01             308.267           9.088e+00              99.225           2.746e+01     
   2.000         180.000            8.580e+00          -1.118e+01             307.878           8.534e+00              98.904           2.608e+01     
   1.000         180.000            7.970e+00          -1.045e+01             307.540           7.907e+00              98.587           2.475e+01     
