Theta [deg.]  Phi   [deg.]  Abs(Gain)[dBi   ]   Abs(Theta)[dBi   ]  Phase(Theta)[deg.]  Abs(Phi  )[dBi   ]  Phase(Phi  )[deg.]  Ax.Ratio[dB    ]    

   0.000           0.000            8.006e+00          -8.235e+00             299.750           7.901e+00             276.754           2.448e+01     
   1.000           0.000            8.599e+00          -8.822e+00             299.806           8.519e+00             277.290           2.582e+01     
   2.000           0.000            9.127e+00          -9.514e+00             299.880           9.068e+00             277.800           2.718e+01     
   3.000           0.000            9.597e+00          -1.033e+01             299.981           9.552e+00             278.289           2.860e+01     
   4.000           0.000            1.001e+01          -1.128e+01             300.116           9.978e+00             278.761           3.009e+01     
   5.000           0.000            1.037e+01          -1.241e+01             300.299           1.035e+01             279.219           3.169e+01     
   6.000           0.000            1.068e+01          -1.377e+01             300.552           1.067e+01             279.668           3.343e+01     
   7.000           0.000            1.095e+01          -1.543e+01             300.915           1.094e+01             280.109           3.538e+01     
   8.000           0.000            1.117e+01          -1.753e+01             301.469           1.116e+01             280.544           3.764e+01     
   9.000           0.000            1.134e+01          -2.032e+01             302.419           1.134e+01             280.977           4.000e+01     
  10.000           0.000            1.147e+01          -2.445e+01             304.454           1.147e+01             281.409           4.000e+01     
  11.000           0.000            1.156e+01          -3.239e+01             312.328           1.156e+01             281.842           4.000e+01     
  12.000           0.000            1.161e+01          -3.754e+01              95.632           1.161e+01             282.279           4.000e+01     
  13.000           0.000            1.163e+01          -2.656e+01             113.080           1.162e+01             282.723           4.000e+01     
  14.000           0.000            1.160e+01          -2.192e+01             115.946           1.160e+01             283.174           4.000e+01     
  15.000           0.000            1.153e+01          -1.903e+01             117.200           1.153e+01             283.636           4.000e+01     
  16.000           0.000            1.143e+01          -1.698e+01             117.966           1.142e+01             284.113           4.000e+01     
  17.000           0.000            1.128e+01          -1.542e+01             118.525           1.127e+01             284.606           3.909e+01     
  18.000           0.000            1.110e+01          -1.420e+01             118.989           1.109e+01             285.120           3.772e+01     
  19.000           0.000            1.088e+01          -1.323e+01             119.404           1.086e+01             285.659           3.661e+01     
  20.000           0.000            1.062e+01          -1.245e+01             119.799           1.060e+01             286.227           3.568e+01     
  21.000           0.000            1.032e+01          -1.182e+01             120.189           1.030e+01             286.829           3.490e+01     
  22.000           0.000            9.987e+00          -1.132e+01             120.585           9.955e+00             287.472           3.423e+01     
  23.000           0.000            9.608e+00          -1.094e+01             120.995           9.570e+00             288.164           3.365e+01     
  24.000           0.000            9.188e+00          -1.065e+01             121.425           9.143e+00             288.912           3.317e+01     
  25.000           0.000            8.725e+00          -1.045e+01             121.882           8.673e+00             289.728           3.276e+01     
  26.000           0.000            8.218e+00          -1.034e+01             122.371           8.157e+00             290.624           3.244e+01     
  27.000           0.000            7.664e+00          -1.030e+01             122.898           7.594e+00             291.616           3.220e+01     
  28.000           0.000            7.062e+00          -1.033e+01             123.469           6.983e+00             292.723           3.206e+01     
  29.000           0.000            6.410e+00          -1.044e+01             124.092           6.319e+00             293.971           3.203e+01     
  30.000           0.000            5.703e+00          -1.061e+01             124.775           5.600e+00             295.389           3.216e+01     
  31.000           0.000            4.940e+00          -1.084e+01             125.529           4.824e+00             297.017           3.249e+01     
  32.000           0.000            4.117e+00          -1.115e+01             126.364           3.986e+00             298.908           3.313e+01     
  33.000           0.000            3.230e+00          -1.152e+01             127.294           3.082e+00             301.128           3.427e+01     
  34.000           0.000            2.277e+00          -1.196e+01             128.344           2.110e+00             303.769           3.637e+01     
  35.000           0.000            1.255e+00          -1.248e+01             129.535           1.067e+00             306.949           4.000e+01     
  36.000           0.000            1.648e-01          -1.306e+01             130.899          -4.679e-02             310.832           4.000e+01     
  37.000           0.000           -9.865e-01          -1.373e+01             132.479          -1.224e+00             315.628           3.818e+01     
  38.000           0.000           -2.181e+00          -1.449e+01             134.332          -2.444e+00             321.610           3.051e+01     
  39.000           0.000           -3.381e+00          -1.534e+01             136.539          -3.667e+00             329.085           2.548e+01     
  40.000           0.000           -4.516e+00          -1.629e+01             139.211          -4.815e+00             338.320           2.171e+01     
  41.000           0.000           -5.479e+00          -1.735e+01             142.512          -5.771e+00             349.349           1.896e+01     
  42.000           0.000           -6.143e+00          -1.853e+01             146.683          -6.401e+00               1.707           1.731e+01     
  43.000           0.000           -6.423e+00          -1.984e+01             152.083          -6.625e+00              14.373           1.688e+01     
  44.000           0.000           -6.327e+00          -2.125e+01             159.240          -6.470e+00              26.170           1.764e+01     
  45.000           0.000           -5.957e+00          -2.271e+01             168.877          -6.050e+00              36.324           1.940e+01     
  46.000           0.000           -5.437e+00          -2.405e+01             181.740          -5.497e+00              44.641           2.196e+01     
  47.000           0.000           -4.867e+00          -2.499e+01             197.896          -4.909e+00              51.296           2.533e+01     
  48.000           0.000           -4.308e+00          -2.522e+01             215.671          -4.343e+00              56.594           2.988e+01     
  49.000           0.000           -3.793e+00          -2.471e+01             232.132          -3.828e+00              60.830           3.736e+01     
  50.000           0.000           -3.336e+00          -2.376e+01             245.397          -3.376e+00              64.245           4.000e+01     
  51.000           0.000           -2.942e+00          -2.266e+01             255.392          -2.989e+00              67.028           3.651e+01     
  52.000           0.000           -2.610e+00          -2.160e+01             262.837          -2.666e+00              69.316           3.166e+01     
  53.000           0.000           -2.337e+00          -2.063e+01             268.469          -2.402e+00              71.216           2.890e+01     
  54.000           0.000           -2.119e+00          -1.977e+01             272.839          -2.194e+00              72.806           2.701e+01     
  55.000           0.000           -1.951e+00          -1.903e+01             276.322          -2.037e+00              74.143           2.560e+01     
  56.000           0.000           -1.829e+00          -1.838e+01             279.166          -1.926e+00              75.274           2.447e+01     
  57.000           0.000           -1.749e+00          -1.783e+01             281.541          -1.857e+00              76.233           2.353e+01     
  58.000           0.000           -1.708e+00          -1.736e+01             283.564          -1.828e+00              77.047           2.273e+01     
  59.000           0.000           -1.702e+00          -1.695e+01             285.317          -1.833e+00              77.739           2.202e+01     
  60.000           0.000           -1.728e+00          -1.661e+01             286.858          -1.872e+00              78.324           2.138e+01     
  61.000           0.000           -1.785e+00          -1.633e+01             288.230          -1.940e+00              78.816           2.080e+01     
  62.000           0.000           -1.868e+00          -1.609e+01             289.465          -2.035e+00              79.227           2.027e+01     
  63.000           0.000           -1.976e+00          -1.589e+01             290.587          -2.156e+00              79.566           1.977e+01     
  64.000           0.000           -2.107e+00          -1.574e+01             291.613          -2.299e+00              79.841           1.930e+01     
  65.000           0.000           -2.258e+00          -1.562e+01             292.558          -2.463e+00              80.056           1.885e+01     
  66.000           0.000           -2.429e+00          -1.554e+01             293.432          -2.647e+00              80.218           1.843e+01     
  67.000           0.000           -2.617e+00          -1.548e+01             294.244          -2.848e+00              80.331           1.803e+01     
  68.000           0.000           -2.821e+00          -1.545e+01             294.999          -3.064e+00              80.398           1.764e+01     
  69.000           0.000           -3.038e+00          -1.545e+01             295.703          -3.295e+00              80.423           1.727e+01     
  70.000           0.000           -3.269e+00          -1.547e+01             296.360          -3.539e+00              80.408           1.692e+01     
  71.000           0.000           -3.511e+00          -1.551e+01             296.971          -3.794e+00              80.355           1.658e+01     
  72.000           0.000           -3.763e+00          -1.558e+01             297.539          -4.059e+00              80.267           1.626e+01     
  73.000           0.000           -4.023e+00          -1.566e+01             298.065          -4.332e+00              80.145           1.596e+01     
  74.000           0.000           -4.291e+00          -1.576e+01             298.549          -4.613e+00              79.991           1.566e+01     
  75.000           0.000           -4.566e+00          -1.588e+01             298.991          -4.899e+00              79.807           1.539e+01     
  76.000           0.000           -4.845e+00          -1.601e+01             299.392          -5.190e+00              79.593           1.513e+01     
  77.000           0.000           -5.129e+00          -1.617e+01             299.750          -5.485e+00              79.352           1.488e+01     
  78.000           0.000           -5.415e+00          -1.634e+01             300.064          -5.781e+00              79.085           1.466e+01     
  79.000           0.000           -5.703e+00          -1.652e+01             300.334          -6.078e+00              78.793           1.446e+01     
  80.000           0.000           -5.991e+00          -1.673e+01             300.556          -6.375e+00              78.478           1.427e+01     
  81.000           0.000           -6.280e+00          -1.694e+01             300.730          -6.669e+00              78.142           1.412e+01     
  82.000           0.000           -6.567e+00          -1.718e+01             300.853          -6.961e+00              77.787           1.398e+01     
  83.000           0.000           -6.852e+00          -1.744e+01             300.921          -7.249e+00              77.413           1.387e+01     
  84.000           0.000           -7.133e+00          -1.771e+01             300.931          -7.531e+00              77.025           1.380e+01     
  85.000           0.000           -7.411e+00          -1.800e+01             300.880          -7.807e+00              76.623           1.375e+01     
  86.000           0.000           -7.683e+00          -1.832e+01             300.763          -8.076e+00              76.209           1.375e+01     
  87.000           0.000           -7.950e+00          -1.865e+01             300.573          -8.336e+00              75.787           1.378e+01     
  88.000           0.000           -8.210e+00          -1.902e+01             300.304          -8.587e+00              75.359           1.385e+01     
  89.000           0.000           -8.464e+00          -1.941e+01             299.947          -8.828e+00              74.927           1.397e+01     
  90.000           0.000           -8.709e+00          -1.983e+01             299.492          -9.058e+00              74.495           1.415e+01     
  91.000           0.000           -8.946e+00          -2.028e+01             298.926          -9.277e+00              74.063           1.439e+01     
  92.000           0.000           -9.174e+00          -2.077e+01             298.231          -9.485e+00              73.634           1.469e+01     
  93.000           0.000           -9.392e+00          -2.131e+01             297.385          -9.680e+00              73.211           1.508e+01     
  94.000           0.000           -9.600e+00          -2.189e+01             296.361          -9.864e+00              72.796           1.555e+01     
  95.000           0.000           -9.797e+00          -2.253e+01             295.119          -1.004e+01              72.390           1.613e+01     
  96.000           0.000           -9.984e+00          -2.323e+01             293.607          -1.019e+01              71.995           1.683e+01     
  97.000           0.000           -1.016e+01          -2.400e+01             291.752          -1.034e+01              71.610           1.769e+01     
  98.000           0.000           -1.032e+01          -2.485e+01             289.452          -1.048e+01              71.238           1.874e+01     
  99.000           0.000           -1.047e+01          -2.580e+01             286.554          -1.060e+01              70.877           2.006e+01     
 100.000           0.000           -1.062e+01          -2.686e+01             282.834          -1.072e+01              70.527           2.174e+01     
 101.000           0.000           -1.074e+01          -2.804e+01             277.950          -1.083e+01              70.188           2.398e+01     
 102.000           0.000           -1.086e+01          -2.933e+01             271.383          -1.093e+01              69.857           2.722e+01     
 103.000           0.000           -1.097e+01          -3.069e+01             262.375          -1.102e+01              69.532           3.283e+01     
 104.000           0.000           -1.107e+01          -3.199e+01             250.019          -1.110e+01              69.211           4.000e+01     
 105.000           0.000           -1.115e+01          -3.292e+01             233.878          -1.118e+01              68.890           3.352e+01     
 106.000           0.000           -1.123e+01          -3.311e+01             215.346          -1.126e+01              68.565           2.711e+01     
 107.000           0.000           -1.130e+01          -3.245e+01             197.723          -1.134e+01              68.232           2.339e+01     
 108.000           0.000           -1.137e+01          -3.125e+01             183.494          -1.141e+01              67.886           2.076e+01     
 109.000           0.000           -1.143e+01          -2.987e+01             172.910          -1.149e+01              67.521           1.871e+01     
 110.000           0.000           -1.148e+01          -2.852e+01             165.153          -1.157e+01              67.130           1.704e+01     
 111.000           0.000           -1.153e+01          -2.727e+01             159.361          -1.165e+01              66.705           1.563e+01     
 112.000           0.000           -1.158e+01          -2.615e+01             154.909          -1.174e+01              66.239           1.441e+01     
 113.000           0.000           -1.164e+01          -2.515e+01             151.377          -1.184e+01              65.721           1.334e+01     
 114.000           0.000           -1.169e+01          -2.427e+01             148.490          -1.194e+01              65.141           1.239e+01     
 115.000           0.000           -1.176e+01          -2.349e+01             146.064          -1.206e+01              64.486           1.154e+01     
 116.000           0.000           -1.182e+01          -2.280e+01             143.974          -1.219e+01              63.742           1.077e+01     
 117.000           0.000           -1.190e+01          -2.220e+01             142.132          -1.233e+01              62.893           1.006e+01     
 118.000           0.000           -1.199e+01          -2.167e+01             140.472          -1.249e+01              61.919           9.405e+00     
 119.000           0.000           -1.209e+01          -2.121e+01             138.947          -1.266e+01              60.798           8.801e+00     
 120.000           0.000           -1.221e+01          -2.083e+01             137.519          -1.285e+01              59.504           8.239e+00     
 121.000           0.000           -1.234e+01          -2.050e+01             136.158          -1.306e+01              58.008           7.713e+00     
 122.000           0.000           -1.248e+01          -2.024e+01             134.837          -1.328e+01              56.275           7.222e+00     
 123.000           0.000           -1.265e+01          -2.005e+01             133.535          -1.352e+01              54.265           6.763e+00     
 124.000           0.000           -1.283e+01          -1.991e+01             132.229          -1.377e+01              51.933           6.340e+00     
 125.000           0.000           -1.302e+01          -1.984e+01             130.897          -1.404e+01              49.230           5.957e+00     
 126.000           0.000           -1.323e+01          -1.983e+01             129.516          -1.430e+01              46.104           5.630e+00     
 127.000           0.000           -1.344e+01          -1.989e+01             128.063          -1.456e+01              42.506           5.376e+00     
 128.000           0.000           -1.365e+01          -2.002e+01             126.506          -1.480e+01              38.394           5.228e+00     
 129.000           0.000           -1.385e+01          -2.022e+01             124.811          -1.500e+01              33.748           5.224e+00     
 130.000           0.000           -1.403e+01          -2.050e+01             122.931          -1.514e+01              28.580           5.405e+00     
 131.000           0.000           -1.415e+01          -2.086e+01             120.806          -1.520e+01              22.950           5.806e+00     
 132.000           0.000           -1.421e+01          -2.132e+01             118.357          -1.516e+01              16.971           6.439e+00     
 133.000           0.000           -1.419e+01          -2.187e+01             115.473          -1.500e+01              10.811           7.301e+00     
 134.000           0.000           -1.406e+01          -2.254e+01             111.999          -1.473e+01               4.665           8.366e+00     
 135.000           0.000           -1.382e+01          -2.333e+01             107.709          -1.434e+01             358.730           9.600e+00     
 136.000           0.000           -1.347e+01          -2.423e+01             102.276          -1.386e+01             353.168           1.096e+01     
 137.000           0.000           -1.303e+01          -2.524e+01              95.231          -1.329e+01             348.088           1.239e+01     
 138.000           0.000           -1.249e+01          -2.629e+01              85.952          -1.268e+01             343.547           1.383e+01     
 139.000           0.000           -1.190e+01          -2.726e+01              73.804          -1.203e+01             339.553           1.525e+01     
 140.000           0.000           -1.127e+01          -2.790e+01              58.671          -1.137e+01             336.082           1.661e+01     
 141.000           0.000           -1.062e+01          -2.794e+01              41.808          -1.071e+01             333.091           1.787e+01     
 142.000           0.000           -9.970e+00          -2.733e+01              25.671          -1.005e+01             330.528           1.905e+01     
 143.000           0.000           -9.323e+00          -2.625e+01              12.169          -9.412e+00             328.343           2.013e+01     
 144.000           0.000           -8.693e+00          -2.501e+01               1.686          -8.795e+00             326.483           2.114e+01     
 145.000           0.000           -8.084e+00          -2.377e+01             353.712          -8.203e+00             324.904           2.210e+01     
 146.000           0.000           -7.503e+00          -2.263e+01             347.584          -7.638e+00             323.565           2.303e+01     
 147.000           0.000           -6.950e+00          -2.161e+01             342.760          -7.101e+00             322.430           2.396e+01     
 148.000           0.000           -6.428e+00          -2.072e+01             338.851          -6.593e+00             321.470           2.492e+01     
 149.000           0.000           -5.938e+00          -1.996e+01             335.594          -6.114e+00             320.655           2.595e+01     
 150.000           0.000           -5.481e+00          -1.931e+01             332.798          -5.665e+00             319.962           2.706e+01     
 151.000           0.000           -5.056e+00          -1.877e+01             330.328          -5.244e+00             319.373           2.832e+01     
 152.000           0.000           -4.663e+00          -1.834e+01             328.083          -4.853e+00             318.868           2.977e+01     
 153.000           0.000           -4.302e+00          -1.802e+01             325.985          -4.491e+00             318.433           3.152e+01     
 154.000           0.000           -3.972e+00          -1.779e+01             323.966          -4.157e+00             318.053           3.374e+01     
 155.000           0.000           -3.674e+00          -1.766e+01             321.968          -3.851e+00             317.718           3.676e+01     
 156.000           0.000           -3.406e+00          -1.762e+01             319.931          -3.574e+00             317.415           4.000e+01     
 157.000           0.000           -3.168e+00          -1.769e+01             317.794          -3.324e+00             317.135           4.000e+01     
 158.000           0.000           -2.960e+00          -1.786e+01             315.486          -3.103e+00             316.870           4.000e+01     
 159.000           0.000           -2.781e+00          -1.814e+01             312.919          -2.909e+00             316.611           3.931e+01     
 160.000           0.000           -2.630e+00          -1.852e+01             309.981          -2.743e+00             316.351           3.510e+01     
 161.000           0.000           -2.507e+00          -1.903e+01             306.521          -2.605e+00             316.082           3.221e+01     
 162.000           0.000           -2.412e+00          -1.965e+01             302.330          -2.495e+00             315.799           2.997e+01     
 163.000           0.000           -2.344e+00          -2.039e+01             297.118          -2.413e+00             315.496           2.812e+01     
 164.000           0.000           -2.303e+00          -2.122e+01             290.490          -2.359e+00             315.167           2.654e+01     
 165.000           0.000           -2.288e+00          -2.210e+01             281.950          -2.333e+00             314.806           2.514e+01     
 166.000           0.000           -2.298e+00          -2.291e+01             271.019          -2.336e+00             314.409           2.387e+01     
 167.000           0.000           -2.334e+00          -2.346e+01             257.625          -2.367e+00             313.970           2.271e+01     
 168.000           0.000           -2.394e+00          -2.354e+01             242.659          -2.427e+00             313.485           2.161e+01     
 169.000           0.000           -2.479e+00          -2.307e+01             227.965          -2.517e+00             312.948           2.058e+01     
 170.000           0.000           -2.587e+00          -2.217e+01             215.232          -2.635e+00             312.355           1.960e+01     
 171.000           0.000           -2.720e+00          -2.106e+01             205.094          -2.784e+00             311.702           1.865e+01     
 172.000           0.000           -2.875e+00          -1.991e+01             197.337          -2.962e+00             310.984           1.774e+01     
 173.000           0.000           -3.054e+00          -1.882e+01             191.460          -3.171e+00             310.198           1.685e+01     
 174.000           0.000           -3.257e+00          -1.784e+01             186.992          -3.410e+00             309.338           1.598e+01     
 175.000           0.000           -3.482e+00          -1.697e+01             183.568          -3.681e+00             308.400           1.514e+01     
 176.000           0.000           -3.731e+00          -1.621e+01             180.929          -3.983e+00             307.382           1.431e+01     
 177.000           0.000           -4.004e+00          -1.557e+01             178.890          -4.317e+00             306.278           1.350e+01     
 178.000           0.000           -4.301e+00          -1.504e+01             177.323          -4.684e+00             305.086           1.271e+01     
 179.000           0.000           -4.625e+00          -1.460e+01             176.139          -5.085e+00             303.802           1.193e+01     
 180.000           0.000           -4.975e+00          -1.427e+01             175.272          -5.519e+00             302.421           1.117e+01     
 179.000         180.000           -5.355e+00          -1.402e+01             354.681          -5.989e+00             120.945           1.042e+01     
 178.000         180.000           -5.765e+00          -1.387e+01             354.336          -6.495e+00             119.369           9.684e+00     
 177.000         180.000           -6.210e+00          -1.381e+01             354.218          -7.039e+00             117.691           8.964e+00     
 176.000         180.000           -6.691e+00          -1.383e+01             354.321          -7.623e+00             115.910           8.257e+00     
 175.000         180.000           -7.215e+00          -1.395e+01             354.644          -8.250e+00             114.024           7.563e+00     
 174.000         180.000           -7.786e+00          -1.416e+01             355.199          -8.923e+00             112.031           6.881e+00     
 173.000         180.000           -8.410e+00          -1.447e+01             356.007          -9.647e+00             109.930           6.212e+00     
 172.000         180.000           -9.095e+00          -1.488e+01             357.105          -1.043e+01             107.719           5.559e+00     
 171.000         180.000           -9.851e+00          -1.540e+01             358.549          -1.127e+01             105.391           4.927e+00     
 170.000         180.000           -1.069e+01          -1.604e+01               0.420          -1.219e+01             102.940           4.333e+00     
 169.000         180.000           -1.163e+01          -1.682e+01               2.845          -1.319e+01             100.349           3.815e+00     
 168.000         180.000           -1.268e+01          -1.775e+01               6.018          -1.430e+01              97.593           3.455e+00     
 167.000         180.000           -1.387e+01          -1.884e+01              10.244          -1.554e+01              94.626           3.412e+00     
 166.000         180.000           -1.524e+01          -2.011e+01              16.013          -1.695e+01              91.368           3.903e+00     
 165.000         180.000           -1.681e+01          -2.154e+01              24.113          -1.859e+01              87.667           5.168e+00     
 164.000         180.000           -1.860e+01          -2.305e+01              35.713          -2.054e+01              83.226           7.649e+00     
 163.000         180.000           -2.059e+01          -2.436e+01              52.002          -2.295e+01              77.357           1.308e+01     
 162.000         180.000           -2.247e+01          -2.494e+01              72.480          -2.610e+01              68.277           2.878e+01     
 161.000         180.000           -2.346e+01          -2.444e+01              93.210          -3.040e+01              49.936           1.045e+01     
 160.000         180.000           -2.287e+01          -2.318e+01             110.046          -3.441e+01               2.636           1.169e+01     
 159.000         180.000           -2.124e+01          -2.168e+01             122.247          -3.142e+01             309.878           2.814e+01     
 158.000         180.000           -1.944e+01          -2.023e+01             130.961          -2.721e+01             288.958           1.692e+01     
 157.000         180.000           -1.781e+01          -1.894e+01             137.384          -2.419e+01             279.348           1.107e+01     
 156.000         180.000           -1.641e+01          -1.782e+01             142.334          -2.197e+01             273.575           8.242e+00     
 155.000         180.000           -1.522e+01          -1.685e+01             146.324          -2.026e+01             269.509           6.444e+00     
 154.000         180.000           -1.422e+01          -1.603e+01             149.675          -1.889e+01             266.365           5.147e+00     
 153.000         180.000           -1.336e+01          -1.532e+01             152.594          -1.777e+01             263.794           4.139e+00     
 152.000         180.000           -1.264e+01          -1.472e+01             155.218          -1.684e+01             261.618           3.317e+00     
 151.000         180.000           -1.203e+01          -1.421e+01             157.639          -1.607e+01             259.737           2.631e+00     
 150.000         180.000           -1.151e+01          -1.378e+01             159.926          -1.541e+01             258.092           2.058e+00     
 149.000         180.000           -1.107e+01          -1.342e+01             162.126          -1.487e+01             256.644           1.601e+00     
 148.000         180.000           -1.071e+01          -1.313e+01             164.276          -1.441e+01             255.368           1.295e+00     
 147.000         180.000           -1.042e+01          -1.289e+01             166.403          -1.404e+01             254.239           1.194e+00     
 146.000         180.000           -1.019e+01          -1.271e+01             168.530          -1.374e+01             253.262           1.307e+00     
 145.000         180.000           -1.001e+01          -1.257e+01             170.675          -1.351e+01             252.419           1.570e+00     
 144.000         180.000           -9.881e+00          -1.248e+01             172.850          -1.335e+01             251.705           1.911e+00     
 143.000         180.000           -9.801e+00          -1.242e+01             175.066          -1.324e+01             251.118           2.290e+00     
 142.000         180.000           -9.766e+00          -1.240e+01             177.332          -1.319e+01             250.657           2.687e+00     
 141.000         180.000           -9.773e+00          -1.241e+01             179.654          -1.319e+01             250.322           3.094e+00     
 140.000         180.000           -9.818e+00          -1.244e+01             182.037          -1.325e+01             250.119           3.506e+00     
 139.000         180.000           -9.899e+00          -1.250e+01             184.483          -1.336e+01             250.050           3.923e+00     
 138.000         180.000           -1.001e+01          -1.258e+01             186.993          -1.352e+01             250.126           4.342e+00     
 137.000         180.000           -1.016e+01          -1.268e+01             189.566          -1.373e+01             250.354           4.762e+00     
 136.000         180.000           -1.034e+01          -1.279e+01             192.200          -1.399e+01             250.750           5.182e+00     
 135.000         180.000           -1.054e+01          -1.292e+01             194.890          -1.430e+01             251.329           5.600e+00     
 134.000         180.000           -1.077e+01          -1.306e+01             197.631          -1.465e+01             252.114           6.014e+00     
 133.000         180.000           -1.102e+01          -1.320e+01             200.417          -1.506e+01             253.131           6.419e+00     
 132.000         180.000           -1.129e+01          -1.336e+01             203.239          -1.552e+01             254.414           6.810e+00     
 131.000         180.000           -1.158e+01          -1.352e+01             206.089          -1.602e+01             256.006           7.182e+00     
 130.000         180.000           -1.188e+01          -1.368e+01             208.959          -1.658e+01             257.958           7.524e+00     
 129.000         180.000           -1.219e+01          -1.385e+01             211.840          -1.717e+01             260.334           7.827e+00     
 128.000         180.000           -1.251e+01          -1.402e+01             214.723          -1.781e+01             263.213           8.078e+00     
 127.000         180.000           -1.283e+01          -1.420e+01             217.600          -1.849e+01             266.686           8.263e+00     
 126.000         180.000           -1.314e+01          -1.438e+01             220.464          -1.918e+01             270.855           8.370e+00     
 125.000         180.000           -1.345e+01          -1.457e+01             223.312          -1.988e+01             275.835           8.384e+00     
 124.000         180.000           -1.374e+01          -1.476e+01             226.136          -2.055e+01             281.690           8.300e+00     
 123.000         180.000           -1.402e+01          -1.495e+01             228.935          -2.115e+01             288.467           8.111e+00     
 122.000         180.000           -1.427e+01          -1.515e+01             231.708          -2.165e+01             296.100           7.820e+00     
 121.000         180.000           -1.451e+01          -1.536e+01             234.457          -2.198e+01             304.386           7.433e+00     
 120.000         180.000           -1.471e+01          -1.558e+01             237.185          -2.213e+01             312.984           6.964e+00     
 119.000         180.000           -1.489e+01          -1.580e+01             239.897          -2.208e+01             321.479           6.430e+00     
 118.000         180.000           -1.503e+01          -1.604e+01             242.599          -2.186e+01             329.494           5.847e+00     
 117.000         180.000           -1.514e+01          -1.628e+01             245.300          -2.151e+01             336.771           5.233e+00     
 116.000         180.000           -1.523e+01          -1.654e+01             248.011          -2.107e+01             343.199           4.607e+00     
 115.000         180.000           -1.529e+01          -1.681e+01             250.744          -2.059e+01             348.784           3.985e+00     
 114.000         180.000           -1.532e+01          -1.709e+01             253.514          -2.009e+01             353.600           3.384e+00     
 113.000         180.000           -1.533e+01          -1.738e+01             256.336          -1.959e+01             357.750           2.827e+00     
 112.000         180.000           -1.532e+01          -1.768e+01             259.228          -1.911e+01               1.342           2.346e+00     
 111.000         180.000           -1.530e+01          -1.799e+01             262.210          -1.865e+01               4.476           1.990e+00     
 110.000         180.000           -1.526e+01          -1.831e+01             265.303          -1.823e+01               7.236           1.824e+00     
 109.000         180.000           -1.521e+01          -1.864e+01             268.531          -1.783e+01               9.697           1.887e+00     
 108.000         180.000           -1.514e+01          -1.897e+01             271.917          -1.746e+01              11.919           2.148e+00     
 107.000         180.000           -1.507e+01          -1.930e+01             275.485          -1.712e+01              13.952           2.540e+00     
 106.000         180.000           -1.499e+01          -1.964e+01             279.260          -1.681e+01              15.837           3.004e+00     
 105.000         180.000           -1.490e+01          -1.996e+01             283.262          -1.652e+01              17.610           3.506e+00     
 104.000         180.000           -1.480e+01          -2.027e+01             287.508          -1.625e+01              19.299           4.029e+00     
 103.000         180.000           -1.469e+01          -2.055e+01             292.009          -1.600e+01              20.928           4.559e+00     
 102.000         180.000           -1.458e+01          -2.081e+01             296.762          -1.576e+01              22.519           5.091e+00     
 101.000         180.000           -1.446e+01          -2.102e+01             301.752          -1.554e+01              24.088           5.618e+00     
 100.000         180.000           -1.433e+01          -2.118e+01             306.950          -1.533e+01              25.650           6.138e+00     
  99.000         180.000           -1.419e+01          -2.129e+01             312.305          -1.513e+01              27.218           6.645e+00     
  98.000         180.000           -1.404e+01          -2.133e+01             317.753          -1.494e+01              28.802           7.135e+00     
  97.000         180.000           -1.388e+01          -2.130e+01             323.219          -1.475e+01              30.410           7.604e+00     
  96.000         180.000           -1.372e+01          -2.121e+01             328.621          -1.457e+01              32.050           8.047e+00     
  95.000         180.000           -1.354e+01          -2.104e+01             333.883          -1.439e+01              33.726           8.460e+00     
  94.000         180.000           -1.335e+01          -2.082e+01             338.935          -1.421e+01              35.442           8.838e+00     
  93.000         180.000           -1.315e+01          -2.054e+01             343.727          -1.402e+01              37.200           9.175e+00     
  92.000         180.000           -1.294e+01          -2.022e+01             348.221          -1.384e+01              39.001           9.469e+00     
  91.000         180.000           -1.272e+01          -1.987e+01             352.399          -1.365e+01              40.845           9.717e+00     
  90.000         180.000           -1.249e+01          -1.949e+01             356.256          -1.346e+01              42.729           9.915e+00     
  89.000         180.000           -1.225e+01          -1.909e+01             359.797          -1.326e+01              44.650           1.006e+01     
  88.000         180.000           -1.200e+01          -1.868e+01               3.035          -1.305e+01              46.606           1.016e+01     
  87.000         180.000           -1.174e+01          -1.826e+01               5.989          -1.284e+01              48.590           1.021e+01     
  86.000         180.000           -1.148e+01          -1.784e+01               8.680          -1.262e+01              50.598           1.022e+01     
  85.000         180.000           -1.120e+01          -1.742e+01              11.127          -1.239e+01              52.623           1.018e+01     
  84.000         180.000           -1.093e+01          -1.701e+01              13.352          -1.216e+01              54.662           1.011e+01     
  83.000         180.000           -1.065e+01          -1.660e+01              15.376          -1.192e+01              56.706           1.000e+01     
  82.000         180.000           -1.036e+01          -1.620e+01              17.215          -1.167e+01              58.751           9.868e+00     
  81.000         180.000           -1.008e+01          -1.581e+01              18.888          -1.142e+01              60.792           9.708e+00     
  80.000         180.000           -9.788e+00          -1.543e+01              20.408          -1.117e+01              62.823           9.528e+00     
  79.000         180.000           -9.502e+00          -1.506e+01              21.790          -1.092e+01              64.841           9.332e+00     
  78.000         180.000           -9.218e+00          -1.470e+01              23.046          -1.066e+01              66.843           9.122e+00     
  77.000         180.000           -8.937e+00          -1.436e+01              24.186          -1.041e+01              68.826           8.902e+00     
  76.000         180.000           -8.661e+00          -1.402e+01              25.219          -1.016e+01              70.789           8.673e+00     
  75.000         180.000           -8.392e+00          -1.370e+01              26.154          -9.908e+00              72.732           8.437e+00     
  74.000         180.000           -8.129e+00          -1.339e+01              26.998          -9.666e+00              74.653           8.195e+00     
  73.000         180.000           -7.876e+00          -1.309e+01              27.758          -9.432e+00              76.556           7.948e+00     
  72.000         180.000           -7.634e+00          -1.281e+01              28.439          -9.208e+00              78.442           7.696e+00     
  71.000         180.000           -7.403e+00          -1.253e+01              29.045          -8.995e+00              80.315           7.439e+00     
  70.000         180.000           -7.185e+00          -1.227e+01              29.583          -8.795e+00              82.177           7.177e+00     
  69.000         180.000           -6.982e+00          -1.203e+01              30.056          -8.611e+00              84.036           6.909e+00     
  68.000         180.000           -6.795e+00          -1.180e+01              30.467          -8.444e+00              85.896           6.634e+00     
  67.000         180.000           -6.626e+00          -1.158e+01              30.820          -8.297e+00              87.766           6.351e+00     
  66.000         180.000           -6.475e+00          -1.138e+01              31.118          -8.171e+00              89.653           6.059e+00     
  65.000         180.000           -6.346e+00          -1.119e+01              31.364          -8.069e+00              91.568           5.755e+00     
  64.000         180.000           -6.238e+00          -1.102e+01              31.561          -7.993e+00              93.524           5.438e+00     
  63.000         180.000           -6.154e+00          -1.086e+01              31.711          -7.946e+00              95.534           5.104e+00     
  62.000         180.000           -6.095e+00          -1.072e+01              31.819          -7.930e+00              97.616           4.753e+00     
  61.000         180.000           -6.063e+00          -1.060e+01              31.885          -7.948e+00              99.791           4.379e+00     
  60.000         180.000           -6.059e+00          -1.049e+01              31.914          -8.002e+00             102.083           3.980e+00     
  59.000         180.000           -6.085e+00          -1.039e+01              31.908          -8.096e+00             104.523           3.552e+00     
  58.000         180.000           -6.142e+00          -1.032e+01              31.872          -8.233e+00             107.150           3.090e+00     
  57.000         180.000           -6.231e+00          -1.026e+01              31.808          -8.415e+00             110.010           2.590e+00     
  56.000         180.000           -6.354e+00          -1.023e+01              31.721          -8.646e+00             113.165           2.051e+00     
  55.000         180.000           -6.508e+00          -1.021e+01              31.616          -8.926e+00             116.690           1.483e+00     
  54.000         180.000           -6.694e+00          -1.021e+01              31.496          -9.256e+00             120.688           9.574e-01     
  53.000         180.000           -6.908e+00          -1.022e+01              31.372          -9.632e+00             125.268           8.370e-01     
  52.000         180.000           -7.145e+00          -1.026e+01              31.248          -1.005e+01             130.582           1.438e+00     
  51.000         180.000           -7.394e+00          -1.033e+01              31.134          -1.048e+01             136.802           2.411e+00     
  50.000         180.000           -7.643e+00          -1.041e+01              31.039          -1.091e+01             144.103           3.632e+00     
  49.000         180.000           -7.871e+00          -1.052e+01              30.975          -1.128e+01             152.616           5.125e+00     
  48.000         180.000           -8.051e+00          -1.064e+01              30.955          -1.152e+01             162.340           6.970e+00     
  47.000         180.000           -8.152e+00          -1.080e+01              30.995          -1.156e+01             173.035           9.313e+00     
  46.000         180.000           -8.144e+00          -1.098e+01              31.114          -1.134e+01             184.183           1.242e+01     
  45.000         180.000           -8.002e+00          -1.118e+01              31.334          -1.085e+01             195.102           1.692e+01     
  44.000         180.000           -7.715e+00          -1.141e+01              31.681          -1.014e+01             205.187           2.502e+01     
  43.000         180.000           -7.291e+00          -1.166e+01              32.187          -9.266e+00             214.086           3.593e+01     
  42.000         180.000           -6.754e+00          -1.195e+01              32.887          -8.319e+00             221.720           2.299e+01     
  41.000         180.000           -6.135e+00          -1.226e+01              33.827          -7.351e+00             228.180           1.935e+01     
  40.000         180.000           -5.467e+00          -1.259e+01              35.057          -6.403e+00             233.631           1.786e+01     
  39.000         180.000           -4.779e+00          -1.295e+01              36.636          -5.498e+00             238.250           1.740e+01     
  38.000         180.000           -4.095e+00          -1.332e+01              38.632          -4.649e+00             242.194           1.759e+01     
  37.000         180.000           -3.433e+00          -1.370e+01              41.119          -3.862e+00             245.593           1.822e+01     
  36.000         180.000           -2.804e+00          -1.408e+01              44.170          -3.140e+00             248.553           1.920e+01     
  35.000         180.000           -2.216e+00          -1.444e+01              47.854          -2.484e+00             251.155           2.047e+01     
  34.000         180.000           -1.676e+00          -1.476e+01              52.212          -1.895e+00             253.467           2.207e+01     
  33.000         180.000           -1.188e+00          -1.501e+01              57.239          -1.372e+00             255.539           2.404e+01     
  32.000         180.000           -7.533e-01          -1.516e+01              62.864          -9.135e-01             257.417           2.655e+01     
  31.000         180.000           -3.758e-01          -1.519e+01              68.920          -5.217e-01             259.127           2.998e+01     
  30.000         180.000           -5.715e-02          -1.506e+01              75.171          -1.965e-01             260.700           3.547e+01     
  29.000         180.000            2.006e-01          -1.479e+01              81.344           6.090e-02             262.159           4.000e+01     
  28.000         180.000            3.951e-01          -1.439e+01              87.184           2.484e-01             263.522           3.883e+01     
  27.000         180.000            5.234e-01          -1.389e+01              92.502           3.631e-01             264.808           3.203e+01     
  26.000         180.000            5.820e-01          -1.330e+01              97.196           4.008e-01             266.031           2.832e+01     
  25.000         180.000            5.668e-01          -1.268e+01             101.241           3.561e-01             267.207           2.574e+01     
  24.000         180.000            4.724e-01          -1.204e+01             104.665           2.216e-01             268.349           2.375e+01     
  23.000         180.000            2.922e-01          -1.140e+01             107.526          -1.264e-02             269.476           2.212e+01     
  22.000         180.000            1.813e-02          -1.077e+01             109.895          -3.599e-01             270.605           2.072e+01     
  21.000         180.000           -3.597e-01          -1.018e+01             111.843          -8.383e-01             271.762           1.948e+01     
  20.000         180.000           -8.533e-01          -9.611e+00             113.438          -1.474e+00             272.982           1.838e+01     
  19.000         180.000           -1.476e+00          -9.085e+00             114.737          -2.303e+00             274.318           1.743e+01     
  18.000         180.000           -2.242e+00          -8.600e+00             115.790          -3.384e+00             275.863           1.667e+01     
  17.000         180.000           -3.158e+00          -8.158e+00             116.640          -4.809e+00             277.789           1.626e+01     
  16.000         180.000           -4.211e+00          -7.759e+00             117.323          -6.743e+00             280.475           1.665e+01     
  15.000         180.000           -5.327e+00          -7.406e+00             117.869          -9.524e+00             284.957           1.919e+01     
  14.000         180.000           -6.287e+00          -7.098e+00             118.301          -1.397e+01             295.249           3.397e+01     
  13.000         180.000           -6.685e+00          -6.836e+00             118.641          -2.134e+01             340.940           1.812e+01     
  12.000         180.000           -6.172e+00          -6.621e+00             118.905          -1.625e+01              61.738           1.144e+01     
  11.000         180.000           -4.876e+00          -6.453e+00             119.108          -1.004e+01              78.812           9.628e+00     
  10.000         180.000           -3.231e+00          -6.334e+00             119.262          -6.151e+00              84.703           1.015e+01     
   9.000         180.000           -1.557e+00          -6.264e+00             119.377          -3.351e+00              87.800           1.153e+01     
   8.000         180.000            8.636e-03          -6.245e+00             119.461          -1.166e+00              89.801           1.313e+01     
   7.000         180.000            1.428e+00          -6.279e+00             119.523           6.216e-01              91.260           1.472e+01     
   6.000         180.000            2.703e+00          -6.367e+00             119.567           2.128e+00              92.410           1.625e+01     
   5.000         180.000            3.843e+00          -6.513e+00             119.600           3.424e+00              93.364           1.772e+01     
   4.000         180.000            4.866e+00          -6.718e+00             119.627           4.553e+00              94.187           1.913e+01     
   3.000         180.000            5.782e+00          -6.988e+00             119.651           5.546e+00              94.917           2.050e+01     
   2.000         180.000            6.605e+00          -7.327e+00             119.677           6.426e+00              95.578           2.183e+01     
   1.000         180.000            7.343e+00          -7.740e+00             119.709           7.207e+00              96.187           2.316e+01     
