Theta [deg.]  Phi   [deg.]  Abs(Dir.)[dBi   ]   Abs(Theta)[dBi   ]  Phase(Theta)[deg.]  Abs(Phi  )[dBi   ]  Phase(Phi  )[deg.]  Ax.Ratio[dB    ]    

   0.000           0.000            7.046e+00          -1.485e+01              32.987           7.018e+00             278.743           2.268e+01     
   1.000           0.000            6.864e+00          -1.532e+01              37.558           6.838e+00             279.396           2.327e+01     
   2.000           0.000            6.606e+00          -1.582e+01              41.443           6.582e+00             280.074           2.379e+01     
   3.000           0.000            6.270e+00          -1.639e+01              44.510           6.246e+00             280.783           2.425e+01     
   4.000           0.000            5.850e+00          -1.704e+01              46.599           5.828e+00             281.537           2.463e+01     
   5.000           0.000            5.342e+00          -1.782e+01              47.482           5.321e+00             282.350           2.490e+01     
   6.000           0.000            4.737e+00          -1.874e+01              46.789           4.718e+00             283.241           2.505e+01     
   7.000           0.000            4.025e+00          -1.982e+01              43.909           4.007e+00             284.236           2.506e+01     
   8.000           0.000            3.193e+00          -2.103e+01              37.852           3.177e+00             285.373           2.490e+01     
   9.000           0.000            2.221e+00          -2.219e+01              27.289           2.206e+00             286.706           2.455e+01     
  10.000           0.000            1.085e+00          -2.287e+01              11.560           1.068e+00             288.319           2.400e+01     
  11.000           0.000           -2.501e-01          -2.253e+01             353.150          -2.759e-01             290.351           2.328e+01     
  12.000           0.000           -1.832e+00          -2.116e+01             337.093          -1.883e+00             293.047           2.249e+01     
  13.000           0.000           -3.722e+00          -1.932e+01             325.844          -3.843e+00             296.885           2.196e+01     
  14.000           0.000           -5.976e+00          -1.744e+01             318.720          -6.298e+00             302.910           2.304e+01     
  15.000           0.000           -8.521e+00          -1.569e+01             314.374          -9.447e+00             313.806           4.000e+01     
  16.000           0.000           -1.063e+01          -1.411e+01             311.804          -1.322e+01             337.220           1.299e+01     
  17.000           0.000           -1.064e+01          -1.270e+01             310.369          -1.486e+01              22.078           3.578e+00     
  18.000           0.000           -8.709e+00          -1.143e+01             309.685          -1.203e+01              58.173           2.916e+00     
  19.000           0.000           -6.493e+00          -1.030e+01             309.512          -8.835e+00              74.693           5.913e+00     
  20.000           0.000           -4.593e+00          -9.267e+00             309.697          -6.404e+00              83.040           7.962e+00     
  21.000           0.000           -3.051e+00          -8.335e+00             310.137          -4.577e+00              88.069           9.329e+00     
  22.000           0.000           -1.806e+00          -7.488e+00             310.765          -3.175e+00              91.526           1.024e+01     
  23.000           0.000           -7.975e-01          -6.714e+00             311.532          -2.082e+00              94.141           1.085e+01     
  24.000           0.000            2.141e-02          -6.006e+00             312.402          -1.226e+00              96.273           1.123e+01     
  25.000           0.000            6.850e-01          -5.358e+00             313.352          -5.571e-01              98.114           1.146e+01     
  26.000           0.000            1.219e+00          -4.763e+00             314.361          -4.357e-02              99.783           1.158e+01     
  27.000           0.000            1.642e+00          -4.217e+00             315.415           3.379e-01             101.358           1.162e+01     
  28.000           0.000            1.971e+00          -3.715e+00             316.503           6.038e-01             102.893           1.161e+01     
  29.000           0.000            2.216e+00          -3.254e+00             317.615           7.664e-01             104.433           1.157e+01     
  30.000           0.000            2.388e+00          -2.832e+00             318.745           8.347e-01             106.016           1.152e+01     
  31.000           0.000            2.495e+00          -2.444e+00             319.886           8.154e-01             107.678           1.149e+01     
  32.000           0.000            2.545e+00          -2.089e+00             321.032           7.136e-01             109.456           1.149e+01     
  33.000           0.000            2.544e+00          -1.765e+00             322.178           5.328e-01             111.387           1.155e+01     
  34.000           0.000            2.501e+00          -1.469e+00             323.324           2.770e-01             113.522           1.170e+01     
  35.000           0.000            2.422e+00          -1.201e+00             324.464          -5.160e-02             115.911           1.197e+01     
  36.000           0.000            2.314e+00          -9.577e-01             325.595          -4.501e-01             118.620           1.242e+01     
  37.000           0.000            2.184e+00          -7.387e-01             326.714          -9.147e-01             121.725           1.309e+01     
  38.000           0.000            2.042e+00          -5.427e-01             327.819          -1.440e+00             125.322           1.408e+01     
  39.000           0.000            1.896e+00          -3.684e-01             328.907          -2.016e+00             129.523           1.552e+01     
  40.000           0.000            1.754e+00          -2.149e-01             329.976          -2.629e+00             134.456           1.765e+01     
  41.000           0.000            1.626e+00          -8.114e-02             331.024          -3.254e+00             140.252           2.109e+01     
  42.000           0.000            1.521e+00           3.360e-02             332.050          -3.856e+00             147.022           2.800e+01     
  43.000           0.000            1.445e+00           1.301e-01             333.051          -4.386e+00             154.805           3.743e+01     
  44.000           0.000            1.403e+00           2.092e-01             334.027          -4.787e+00             163.503           2.301e+01     
  45.000           0.000            1.400e+00           2.715e-01             334.975          -5.004e+00             172.831           1.765e+01     
  46.000           0.000            1.435e+00           3.176e-01             335.894          -5.006e+00             182.331           1.427e+01     
  47.000           0.000            1.507e+00           3.481e-01             336.783          -4.796e+00             191.492           1.180e+01     
  48.000           0.000            1.611e+00           3.634e-01             337.640          -4.413e+00             199.896           9.867e+00     
  49.000           0.000            1.743e+00           3.643e-01             338.465          -3.912e+00             207.312           8.299e+00     
  50.000           0.000            1.895e+00           3.510e-01             339.256          -3.345e+00             213.686           6.997e+00     
  51.000           0.000            2.061e+00           3.241e-01             340.013          -2.757e+00             219.084           5.902e+00     
  52.000           0.000            2.236e+00           2.840e-01             340.734          -2.177e+00             223.625           4.979e+00     
  53.000           0.000            2.412e+00           2.311e-01             341.418          -1.623e+00             227.439           4.205e+00     
  54.000           0.000            2.587e+00           1.657e-01             342.064          -1.106e+00             230.650           3.571e+00     
  55.000           0.000            2.755e+00           8.818e-02             342.674          -6.291e-01             233.363           3.073e+00     
  56.000           0.000            2.913e+00          -8.318e-04             343.242          -1.968e-01             235.662           2.715e+00     
  57.000           0.000            3.058e+00          -1.012e-01             343.770           1.923e-01             237.621           2.499e+00     
  58.000           0.000            3.190e+00          -2.124e-01             344.257           5.395e-01             239.296           2.417e+00     
  59.000           0.000            3.307e+00          -3.344e-01             344.701           8.468e-01             240.732           2.449e+00     
  60.000           0.000            3.407e+00          -4.666e-01             345.102           1.116e+00             241.967           2.566e+00     
  61.000           0.000            3.491e+00          -6.088e-01             345.460           1.350e+00             243.030           2.740e+00     
  62.000           0.000            3.557e+00          -7.607e-01             345.772           1.551e+00             243.945           2.946e+00     
  63.000           0.000            3.607e+00          -9.220e-01             346.038           1.720e+00             244.732           3.170e+00     
  64.000           0.000            3.641e+00          -1.092e+00             346.256           1.860e+00             245.407           3.400e+00     
  65.000           0.000            3.657e+00          -1.271e+00             346.426           1.973e+00             245.984           3.630e+00     
  66.000           0.000            3.658e+00          -1.459e+00             346.546           2.060e+00             246.475           3.856e+00     
  67.000           0.000            3.643e+00          -1.655e+00             346.615           2.124e+00             246.888           4.075e+00     
  68.000           0.000            3.613e+00          -1.858e+00             346.631           2.164e+00             247.232           4.287e+00     
  69.000           0.000            3.569e+00          -2.069e+00             346.593           2.184e+00             247.513           4.489e+00     
  70.000           0.000            3.510e+00          -2.288e+00             346.499           2.184e+00             247.738           4.683e+00     
  71.000           0.000            3.438e+00          -2.513e+00             346.347           2.165e+00             247.912           4.868e+00     
  72.000           0.000            3.353e+00          -2.746e+00             346.135           2.129e+00             248.039           5.043e+00     
  73.000           0.000            3.255e+00          -2.984e+00             345.862           2.077e+00             248.122           5.211e+00     
  74.000           0.000            3.146e+00          -3.229e+00             345.524           2.008e+00             248.166           5.369e+00     
  75.000           0.000            3.025e+00          -3.479e+00             345.120           1.925e+00             248.174           5.520e+00     
  76.000           0.000            2.893e+00          -3.735e+00             344.648           1.829e+00             248.148           5.662e+00     
  77.000           0.000            2.750e+00          -3.997e+00             344.103           1.718e+00             248.090           5.798e+00     
  78.000           0.000            2.598e+00          -4.263e+00             343.484           1.596e+00             248.003           5.926e+00     
  79.000           0.000            2.435e+00          -4.533e+00             342.788           1.461e+00             247.889           6.047e+00     
  80.000           0.000            2.264e+00          -4.807e+00             342.012           1.315e+00             247.749           6.162e+00     
  81.000           0.000            2.083e+00          -5.085e+00             341.152           1.158e+00             247.586           6.270e+00     
  82.000           0.000            1.894e+00          -5.366e+00             340.205           9.899e-01             247.402           6.373e+00     
  83.000           0.000            1.696e+00          -5.650e+00             339.168           8.118e-01             247.196           6.470e+00     
  84.000           0.000            1.490e+00          -5.935e+00             338.037           6.238e-01             246.972           6.561e+00     
  85.000           0.000            1.277e+00          -6.222e+00             336.809           4.260e-01             246.731           6.648e+00     
  86.000           0.000            1.055e+00          -6.510e+00             335.480           2.186e-01             246.472           6.730e+00     
  87.000           0.000            8.260e-01          -6.797e+00             334.048           1.738e-03             246.199           6.808e+00     
  88.000           0.000            5.893e-01          -7.084e+00             332.510          -2.246e-01             245.912           6.882e+00     
  89.000           0.000            3.451e-01          -7.368e+00             330.862          -4.604e-01             245.611           6.953e+00     
  90.000           0.000            9.356e-02          -7.650e+00             329.104          -7.058e-01             245.299           7.021e+00     
  91.000           0.000           -1.655e-01          -7.928e+00             327.233          -9.610e-01             244.976           7.086e+00     
  92.000           0.000           -4.320e-01          -8.202e+00             325.248          -1.226e+00             244.642           7.150e+00     
  93.000           0.000           -7.062e-01          -8.469e+00             323.151          -1.502e+00             244.299           7.213e+00     
  94.000           0.000           -9.881e-01          -8.728e+00             320.943          -1.788e+00             243.948           7.275e+00     
  95.000           0.000           -1.278e+00          -8.980e+00             318.625          -2.086e+00             243.588           7.338e+00     
  96.000           0.000           -1.576e+00          -9.221e+00             316.203          -2.395e+00             243.219           7.402e+00     
  97.000           0.000           -1.882e+00          -9.452e+00             313.681          -2.718e+00             242.844           7.470e+00     
  98.000           0.000           -2.197e+00          -9.671e+00             311.066          -3.053e+00             242.460           7.541e+00     
  99.000           0.000           -2.521e+00          -9.877e+00             308.366          -3.403e+00             242.068           7.617e+00     
 100.000           0.000           -2.855e+00          -1.007e+01             305.591          -3.769e+00             241.668           7.700e+00     
 101.000           0.000           -3.198e+00          -1.025e+01             302.752          -4.152e+00             241.258           7.792e+00     
 102.000           0.000           -3.552e+00          -1.042e+01             299.859          -4.553e+00             240.836           7.894e+00     
 103.000           0.000           -3.916e+00          -1.057e+01             296.925          -4.974e+00             240.402           8.010e+00     
 104.000           0.000           -4.292e+00          -1.071e+01             293.960          -5.417e+00             239.951           8.140e+00     
 105.000           0.000           -4.679e+00          -1.083e+01             290.978          -5.885e+00             239.482           8.288e+00     
 106.000           0.000           -5.079e+00          -1.095e+01             287.988          -6.379e+00             238.987           8.457e+00     
 107.000           0.000           -5.491e+00          -1.106e+01             285.001          -6.903e+00             238.462           8.650e+00     
 108.000           0.000           -5.917e+00          -1.116e+01             282.024          -7.461e+00             237.898           8.869e+00     
 109.000           0.000           -6.356e+00          -1.125e+01             279.065          -8.057e+00             237.284           9.117e+00     
 110.000           0.000           -6.809e+00          -1.134e+01             276.127          -8.695e+00             236.606           9.399e+00     
 111.000           0.000           -7.276e+00          -1.143e+01             273.214          -9.381e+00             235.844           9.716e+00     
 112.000           0.000           -7.757e+00          -1.152e+01             270.326          -1.012e+01             234.972           1.007e+01     
 113.000           0.000           -8.250e+00          -1.162e+01             267.460          -1.093e+01             233.954           1.046e+01     
 114.000           0.000           -8.756e+00          -1.172e+01             264.614          -1.181e+01             232.739           1.089e+01     
 115.000           0.000           -9.272e+00          -1.184e+01             261.780          -1.278e+01             231.253           1.134e+01     
 116.000           0.000           -9.795e+00          -1.196e+01             258.951          -1.385e+01             229.387           1.181e+01     
 117.000           0.000           -1.032e+01          -1.210e+01             256.115          -1.505e+01             226.974           1.226e+01     
 118.000           0.000           -1.085e+01          -1.226e+01             253.258          -1.640e+01             223.745           1.267e+01     
 119.000           0.000           -1.136e+01          -1.244e+01             250.363          -1.793e+01             219.258           1.296e+01     
 120.000           0.000           -1.186e+01          -1.264e+01             247.412          -1.966e+01             212.750           1.307e+01     
 121.000           0.000           -1.232e+01          -1.287e+01             244.379          -2.154e+01             202.929           1.293e+01     
 122.000           0.000           -1.273e+01          -1.313e+01             241.238          -2.337e+01             187.936           1.247e+01     
 123.000           0.000           -1.309e+01          -1.341e+01             237.953          -2.454e+01             166.883           1.169e+01     
 124.000           0.000           -1.337e+01          -1.373e+01             234.485          -2.436e+01             143.765           1.063e+01     
 125.000           0.000           -1.356e+01          -1.408e+01             230.786          -2.305e+01             125.144           9.386e+00     
 126.000           0.000           -1.366e+01          -1.446e+01             226.802          -2.138e+01             112.664           8.054e+00     
 127.000           0.000           -1.366e+01          -1.488e+01             222.459          -1.978e+01             104.647           6.728e+00     
 128.000           0.000           -1.357e+01          -1.532e+01             217.681          -1.837e+01              99.423           5.483e+00     
 129.000           0.000           -1.340e+01          -1.578e+01             212.382          -1.715e+01              95.941           4.396e+00     
 130.000           0.000           -1.316e+01          -1.624e+01             206.469          -1.611e+01              93.591           3.567e+00     
 131.000           0.000           -1.288e+01          -1.670e+01             199.860          -1.521e+01              92.011           3.138e+00     
 132.000           0.000           -1.256e+01          -1.711e+01             192.500          -1.444e+01              90.981           3.213e+00     
 133.000           0.000           -1.222e+01          -1.745e+01             184.395          -1.377e+01              90.359           3.730e+00     
 134.000           0.000           -1.187e+01          -1.768e+01             175.648          -1.320e+01              90.050           4.531e+00     
 135.000           0.000           -1.152e+01          -1.776e+01             166.476          -1.271e+01              89.991           5.502e+00     
 136.000           0.000           -1.118e+01          -1.768e+01             157.191          -1.228e+01              90.135           6.591e+00     
 137.000           0.000           -1.085e+01          -1.743e+01             148.138          -1.193e+01              90.449           7.784e+00     
 138.000           0.000           -1.054e+01          -1.706e+01             139.611          -1.163e+01              90.908           9.089e+00     
 139.000           0.000           -1.024e+01          -1.658e+01             131.801          -1.139e+01              91.491           1.053e+01     
 140.000           0.000           -9.968e+00          -1.604e+01             124.783          -1.120e+01              92.183           1.217e+01     
 141.000           0.000           -9.721e+00          -1.548e+01             118.549          -1.106e+01              92.971           1.406e+01     
 142.000           0.000           -9.500e+00          -1.492e+01             113.032          -1.097e+01              93.845           1.636e+01     
 143.000           0.000           -9.308e+00          -1.438e+01             108.147          -1.092e+01              94.795           1.932e+01     
 144.000           0.000           -9.147e+00          -1.388e+01             103.801          -1.093e+01              95.813           2.362e+01     
 145.000           0.000           -9.018e+00          -1.342e+01              99.906          -1.098e+01              96.892           3.194e+01     
 146.000           0.000           -8.923e+00          -1.301e+01              96.386          -1.107e+01              98.025           3.710e+01     
 147.000           0.000           -8.865e+00          -1.265e+01              93.174          -1.122e+01              99.206           2.568e+01     
 148.000           0.000           -8.844e+00          -1.235e+01              90.203          -1.141e+01             100.435           2.101e+01     
 149.000           0.000           -8.865e+00          -1.210e+01              87.438          -1.166e+01             101.694           1.807e+01     
 150.000           0.000           -8.928e+00          -1.192e+01              84.829          -1.196e+01             102.985           1.593e+01     
 151.000           0.000           -9.038e+00          -1.179e+01              82.336          -1.233e+01             104.301           1.426e+01     
 152.000           0.000           -9.197e+00          -1.172e+01              79.924          -1.276e+01             105.640           1.290e+01     
 153.000           0.000           -9.408e+00          -1.171e+01              77.559          -1.327e+01             106.996           1.177e+01     
 154.000           0.000           -9.675e+00          -1.176e+01              75.206          -1.386e+01             108.368           1.082e+01     
 155.000           0.000           -1.000e+01          -1.188e+01              72.830          -1.455e+01             109.754           1.003e+01     
 156.000           0.000           -1.040e+01          -1.207e+01              70.392          -1.536e+01             111.152           9.386e+00     
 157.000           0.000           -1.086e+01          -1.232e+01              67.850          -1.630e+01             112.567           8.906e+00     
 158.000           0.000           -1.140e+01          -1.265e+01              65.151          -1.742e+01             114.005           8.618e+00     
 159.000           0.000           -1.202e+01          -1.305e+01              62.234          -1.877e+01             115.481           8.580e+00     
 160.000           0.000           -1.272e+01          -1.353e+01              59.021          -2.042e+01             117.029           8.886e+00     
 161.000           0.000           -1.351e+01          -1.409e+01              55.412          -2.253e+01             118.721           9.695e+00     
 162.000           0.000           -1.437e+01          -1.473e+01              51.280          -2.537e+01             120.754           1.130e+01     
 163.000           0.000           -1.529e+01          -1.545e+01              46.459          -2.965e+01             123.825           1.443e+01     
 164.000           0.000           -1.621e+01          -1.624e+01              40.740          -3.837e+01             133.468           2.214e+01     
 165.000           0.000           -1.705e+01          -1.707e+01              33.889          -4.042e+01             284.242           2.387e+01     
 166.000           0.000           -1.766e+01          -1.789e+01              25.625          -3.054e+01             296.904           1.265e+01     
 167.000           0.000           -1.792e+01          -1.864e+01              15.792          -2.611e+01             300.087           7.855e+00     
 168.000           0.000           -1.776e+01          -1.920e+01               4.483          -2.328e+01             301.973           6.073e+00     
 169.000           0.000           -1.726e+01          -1.946e+01             352.226          -2.126e+01             303.405           7.139e+00     
 170.000           0.000           -1.655e+01          -1.939e+01             339.942          -1.973e+01             304.606           9.945e+00     
 171.000           0.000           -1.576e+01          -1.903e+01             328.578          -1.854e+01             305.660           1.388e+01     
 172.000           0.000           -1.500e+01          -1.846e+01             318.714          -1.760e+01             306.601           1.953e+01     
 173.000           0.000           -1.430e+01          -1.781e+01             310.484          -1.687e+01             307.448           3.158e+01     
 174.000           0.000           -1.370e+01          -1.716e+01             303.742          -1.631e+01             308.206           2.823e+01     
 175.000           0.000           -1.321e+01          -1.656e+01             298.236          -1.591e+01             308.878           2.064e+01     
 176.000           0.000           -1.283e+01          -1.603e+01             293.719          -1.565e+01             309.460           1.720e+01     
 177.000           0.000           -1.256e+01          -1.560e+01             289.979          -1.554e+01             309.943           1.509e+01     
 178.000           0.000           -1.240e+01          -1.526e+01             286.850          -1.556e+01             310.314           1.366e+01     
 179.000           0.000           -1.235e+01          -1.503e+01             284.206          -1.573e+01             310.553           1.265e+01     
 180.000           0.000           -1.242e+01          -1.490e+01             281.951          -1.605e+01             310.629           1.193e+01     
 179.000         180.000           -1.262e+01          -1.488e+01             100.004          -1.654e+01             130.488           1.148e+01     
 178.000         180.000           -1.294e+01          -1.496e+01              98.316          -1.724e+01             130.049           1.127e+01     
 177.000         180.000           -1.341e+01          -1.517e+01              96.842          -1.818e+01             129.170           1.136e+01     
 176.000         180.000           -1.403e+01          -1.550e+01              95.551          -1.945e+01             127.586           1.185e+01     
 175.000         180.000           -1.481e+01          -1.596e+01              94.416          -2.115e+01             124.743           1.300e+01     
 174.000         180.000           -1.578e+01          -1.658e+01              93.420          -2.350e+01             119.299           1.548e+01     
 173.000         180.000           -1.691e+01          -1.738e+01              92.549          -2.682e+01             107.214           2.226e+01     
 172.000         180.000           -1.815e+01          -1.840e+01              91.798          -3.079e+01              74.710           2.348e+01     
 171.000         180.000           -1.929e+01          -1.970e+01              91.170          -2.977e+01              20.497           1.068e+01     
 170.000         180.000           -1.987e+01          -2.138e+01              90.685          -2.518e+01             354.031           3.943e+00     
 169.000         180.000           -1.946e+01          -2.365e+01              90.406          -2.155e+01             343.847           3.322e+00     
 168.000         180.000           -1.819e+01          -2.694e+01              90.533          -1.881e+01             338.985           8.965e+00     
 167.000         180.000           -1.655e+01          -3.260e+01              92.046          -1.666e+01             336.288           1.690e+01     
 166.000         180.000           -1.490e+01          -5.350e+01             142.491          -1.490e+01             334.651           4.000e+01     
 165.000         180.000           -1.338e+01          -3.341e+01             262.240          -1.342e+01             333.604           2.046e+01     
 164.000         180.000           -1.203e+01          -2.715e+01             264.198          -1.216e+01             332.922           1.564e+01     
 163.000         180.000           -1.084e+01          -2.357e+01             264.608          -1.108e+01             332.462           1.323e+01     
 162.000         180.000           -9.798e+00          -2.109e+01             264.652          -1.013e+01             332.161           1.175e+01     
 161.000         180.000           -8.883e+00          -1.921e+01             264.568          -9.305e+00             331.970           1.074e+01     
 160.000         180.000           -8.080e+00          -1.773e+01             264.432          -8.578e+00             331.860           1.001e+01     
 159.000         180.000           -7.376e+00          -1.653e+01             264.274          -7.940e+00             331.810           9.469e+00     
 158.000         180.000           -6.762e+00          -1.554e+01             264.109          -7.379e+00             331.806           9.050e+00     
 157.000         180.000           -6.227e+00          -1.472e+01             263.945          -6.889e+00             331.839           8.725e+00     
 156.000         180.000           -5.764e+00          -1.404e+01             263.784          -6.463e+00             331.900           8.470e+00     
 155.000         180.000           -5.368e+00          -1.348e+01             263.627          -6.096e+00             331.986           8.272e+00     
 154.000         180.000           -5.033e+00          -1.303e+01             263.476          -5.783e+00             332.094           8.120e+00     
 153.000         180.000           -4.754e+00          -1.267e+01             263.330          -5.520e+00             332.220           8.006e+00     
 152.000         180.000           -4.529e+00          -1.239e+01             263.186          -5.305e+00             332.363           7.927e+00     
 151.000         180.000           -4.354e+00          -1.219e+01             263.044          -5.134e+00             332.524           7.877e+00     
 150.000         180.000           -4.225e+00          -1.207e+01             262.902          -5.005e+00             332.701           7.854e+00     
 149.000         180.000           -4.142e+00          -1.201e+01             262.757          -4.916e+00             332.896           7.858e+00     
 148.000         180.000           -4.101e+00          -1.202e+01             262.605          -4.866e+00             333.110           7.886e+00     
 147.000         180.000           -4.100e+00          -1.209e+01             262.447          -4.851e+00             333.343           7.940e+00     
 146.000         180.000           -4.139e+00          -1.223e+01             262.270          -4.872e+00             333.599           8.017e+00     
 145.000         180.000           -4.216e+00          -1.242e+01             262.073          -4.927e+00             333.879           8.120e+00     
 144.000         180.000           -4.328e+00          -1.268e+01             261.849          -5.014e+00             334.185           8.250e+00     
 143.000         180.000           -4.476e+00          -1.301e+01             261.589          -5.132e+00             334.521           8.408e+00     
 142.000         180.000           -4.658e+00          -1.340e+01             261.283          -5.281e+00             334.891           8.598e+00     
 141.000         180.000           -4.872e+00          -1.385e+01             260.915          -5.459e+00             335.298           8.823e+00     
 140.000         180.000           -5.118e+00          -1.438e+01             260.468          -5.666e+00             335.747           9.088e+00     
 139.000         180.000           -5.394e+00          -1.498e+01             259.916          -5.900e+00             336.243           9.399e+00     
 138.000         180.000           -5.700e+00          -1.567e+01             259.226          -6.161e+00             336.792           9.762e+00     
 137.000         180.000           -6.033e+00          -1.644e+01             258.351          -6.448e+00             337.401           1.019e+01     
 136.000         180.000           -6.394e+00          -1.732e+01             257.225          -6.760e+00             338.076           1.069e+01     
 135.000         180.000           -6.780e+00          -1.832e+01             255.750          -7.096e+00             338.825           1.129e+01     
 134.000         180.000           -7.189e+00          -1.944e+01             253.778          -7.455e+00             339.658           1.201e+01     
 133.000         180.000           -7.619e+00          -2.073e+01             251.076          -7.837e+00             340.583           1.289e+01     
 132.000         180.000           -8.069e+00          -2.219e+01             247.262          -8.240e+00             341.611           1.398e+01     
 131.000         180.000           -8.534e+00          -2.386e+01             241.688          -8.663e+00             342.753           1.537e+01     
 130.000         180.000           -9.011e+00          -2.571e+01             233.244          -9.105e+00             344.022           1.721e+01     
 129.000         180.000           -9.495e+00          -2.761e+01             220.206          -9.563e+00             345.430           1.985e+01     
 128.000         180.000           -9.982e+00          -2.908e+01             201.085          -1.004e+01             346.991           2.414e+01     
 127.000         180.000           -1.047e+01          -2.935e+01             178.161          -1.052e+01             348.719           3.464e+01     
 126.000         180.000           -1.094e+01          -2.833e+01             158.090          -1.102e+01             350.626           3.073e+01     
 125.000         180.000           -1.139e+01          -2.675e+01             144.172          -1.152e+01             352.725           2.184e+01     
 124.000         180.000           -1.182e+01          -2.515e+01             135.274          -1.202e+01             355.029           1.726e+01     
 123.000         180.000           -1.221e+01          -2.372e+01             129.581          -1.253e+01             357.546           1.408e+01     
 122.000         180.000           -1.256e+01          -2.249e+01             125.880          -1.302e+01               0.279           1.162e+01     
 121.000         180.000           -1.286e+01          -2.144e+01             123.456          -1.351e+01               3.228           9.588e+00     
 120.000         180.000           -1.311e+01          -2.053e+01             121.891          -1.398e+01               6.386           7.861e+00     
 119.000         180.000           -1.331e+01          -1.975e+01             120.932          -1.443e+01               9.737           6.359e+00     
 118.000         180.000           -1.345e+01          -1.907e+01             120.420          -1.485e+01              13.258           5.033e+00     
 117.000         180.000           -1.355e+01          -1.847e+01             120.249          -1.523e+01              16.916           3.852e+00     
 116.000         180.000           -1.360e+01          -1.795e+01             120.348          -1.559e+01              20.673           2.795e+00     
 115.000         180.000           -1.362e+01          -1.749e+01             120.668          -1.591e+01              24.483           1.845e+00     
 114.000         180.000           -1.360e+01          -1.709e+01             121.172          -1.619e+01              28.302           9.959e-01     
 113.000         180.000           -1.357e+01          -1.672e+01             121.834          -1.644e+01              32.083           2.857e-01     
 112.000         180.000           -1.352e+01          -1.640e+01             122.634          -1.666e+01              35.787           5.450e-01     
 111.000         180.000           -1.345e+01          -1.610e+01             123.553          -1.685e+01              39.379           1.160e+00     
 110.000         180.000           -1.338e+01          -1.584e+01             124.580          -1.703e+01              42.834           1.734e+00     
 109.000         180.000           -1.331e+01          -1.560e+01             125.702          -1.720e+01              46.138           2.262e+00     
 108.000         180.000           -1.324e+01          -1.537e+01             126.910          -1.736e+01              49.282           2.753e+00     
 107.000         180.000           -1.318e+01          -1.517e+01             128.194          -1.753e+01              52.269           3.214e+00     
 106.000         180.000           -1.312e+01          -1.497e+01             129.545          -1.771e+01              55.107           3.656e+00     
 105.000         180.000           -1.306e+01          -1.479e+01             130.954          -1.790e+01              57.811           4.090e+00     
 104.000         180.000           -1.301e+01          -1.461e+01             132.413          -1.813e+01              60.402           4.529e+00     
 103.000         180.000           -1.297e+01          -1.444e+01             133.913          -1.840e+01              62.906           4.986e+00     
 102.000         180.000           -1.293e+01          -1.427e+01             135.445          -1.871e+01              65.354           5.477e+00     
 101.000         180.000           -1.290e+01          -1.410e+01             137.000          -1.907e+01              67.788           6.018e+00     
 100.000         180.000           -1.287e+01          -1.393e+01             138.570          -1.951e+01              70.256           6.630e+00     
  99.000         180.000           -1.284e+01          -1.376e+01             140.145          -2.003e+01              72.825           7.337e+00     
  98.000         180.000           -1.281e+01          -1.359e+01             141.716          -2.065e+01              75.587           8.167e+00     
  97.000         180.000           -1.278e+01          -1.341e+01             143.274          -2.141e+01              78.677           9.162e+00     
  96.000         180.000           -1.273e+01          -1.324e+01             144.812          -2.233e+01              82.307           1.038e+01     
  95.000         180.000           -1.267e+01          -1.305e+01             146.320          -2.345e+01              86.839           1.191e+01     
  94.000         180.000           -1.260e+01          -1.286e+01             147.791          -2.485e+01              92.930           1.392e+01     
  93.000         180.000           -1.250e+01          -1.267e+01             149.218          -2.657e+01             101.882           1.673e+01     
  92.000         180.000           -1.237e+01          -1.248e+01             150.594          -2.859e+01             116.352           2.125e+01     
  91.000         180.000           -1.221e+01          -1.227e+01             151.913          -3.033e+01             140.538           3.229e+01     
  90.000         180.000           -1.200e+01          -1.207e+01             153.170          -3.021e+01             172.843           2.772e+01     
  89.000         180.000           -1.175e+01          -1.186e+01             154.360          -2.794e+01             199.276           1.921e+01     
  88.000         180.000           -1.146e+01          -1.165e+01             155.479          -2.513e+01             215.265           1.485e+01     
  87.000         180.000           -1.111e+01          -1.143e+01             156.523          -2.257e+01             224.861           1.187e+01     
  86.000         180.000           -1.071e+01          -1.121e+01             157.490          -2.034e+01             231.104           9.584e+00     
  85.000         180.000           -1.027e+01          -1.099e+01             158.376          -1.840e+01             235.501           7.721e+00     
  84.000         180.000           -9.778e+00          -1.077e+01             159.182          -1.668e+01             238.801           6.145e+00     
  83.000         180.000           -9.249e+00          -1.055e+01             159.904          -1.513e+01             241.402           4.776e+00     
  82.000         180.000           -8.686e+00          -1.032e+01             160.542          -1.372e+01             243.532           3.566e+00     
  81.000         180.000           -8.094e+00          -1.010e+01             161.096          -1.242e+01             245.331           2.484e+00     
  80.000         180.000           -7.480e+00          -9.872e+00             161.565          -1.121e+01             246.887           1.517e+00     
  79.000         180.000           -6.850e+00          -9.648e+00             161.948          -1.008e+01             248.259           7.092e-01     
  78.000         180.000           -6.207e+00          -9.424e+00             162.246          -9.021e+00             249.489           5.808e-01     
  77.000         180.000           -5.558e+00          -9.201e+00             162.460          -8.016e+00             250.607           1.218e+00     
  76.000         180.000           -4.905e+00          -8.978e+00             162.589          -7.062e+00             251.634           1.922e+00     
  75.000         180.000           -4.252e+00          -8.757e+00             162.635          -6.152e+00             252.586           2.605e+00     
  74.000         180.000           -3.602e+00          -8.537e+00             162.597          -5.283e+00             253.476           3.257e+00     
  73.000         180.000           -2.957e+00          -8.319e+00             162.478          -4.451e+00             254.313           3.879e+00     
  72.000         180.000           -2.319e+00          -8.102e+00             162.278          -3.651e+00             255.106           4.473e+00     
  71.000         180.000           -1.690e+00          -7.886e+00             161.999          -2.883e+00             255.860           5.041e+00     
  70.000         180.000           -1.071e+00          -7.671e+00             161.642          -2.144e+00             256.580           5.585e+00     
  69.000         180.000           -4.634e-01          -7.458e+00             161.208          -1.431e+00             257.270           6.107e+00     
  68.000         180.000            1.325e-01          -7.246e+00             160.701          -7.447e-01             257.934           6.610e+00     
  67.000         180.000            7.155e-01          -7.035e+00             160.121          -8.257e-02             258.575           7.094e+00     
  66.000         180.000            1.285e+00          -6.824e+00             159.472           5.560e-01             259.194           7.561e+00     
  65.000         180.000            1.841e+00          -6.615e+00             158.756           1.172e+00             259.794           8.011e+00     
  64.000         180.000            2.381e+00          -6.405e+00             157.977           1.765e+00             260.377           8.447e+00     
  63.000         180.000            2.907e+00          -6.196e+00             157.139           2.337e+00             260.944           8.868e+00     
  62.000         180.000            3.417e+00          -5.988e+00             156.244           2.888e+00             261.497           9.275e+00     
  61.000         180.000            3.911e+00          -5.779e+00             155.299           3.418e+00             262.036           9.669e+00     
  60.000         180.000            4.389e+00          -5.570e+00             154.307           3.927e+00             262.562           1.005e+01     
  59.000         180.000            4.850e+00          -5.361e+00             153.274           4.415e+00             263.078           1.042e+01     
  58.000         180.000            5.293e+00          -5.151e+00             152.205           4.882e+00             263.583           1.078e+01     
  57.000         180.000            5.719e+00          -4.942e+00             151.106           5.329e+00             264.078           1.112e+01     
  56.000         180.000            6.127e+00          -4.732e+00             149.983           5.755e+00             264.564           1.146e+01     
  55.000         180.000            6.515e+00          -4.523e+00             148.844           6.159e+00             265.042           1.178e+01     
  54.000         180.000            6.885e+00          -4.313e+00             147.690           6.542e+00             265.513           1.209e+01     
  53.000         180.000            7.235e+00          -4.105e+00             146.535           6.904e+00             265.976           1.238e+01     
  52.000         180.000            7.565e+00          -3.898e+00             145.382           7.243e+00             266.433           1.267e+01     
  51.000         180.000            7.874e+00          -3.692e+00             144.238           7.560e+00             266.884           1.294e+01     
  50.000         180.000            8.161e+00          -3.489e+00             143.110           7.853e+00             267.331           1.320e+01     
  49.000         180.000            8.426e+00          -3.289e+00             142.003           8.123e+00             267.773           1.345e+01     
  48.000         180.000            8.668e+00          -3.094e+00             140.923           8.368e+00             268.211           1.368e+01     
  47.000         180.000            8.887e+00          -2.902e+00             139.876           8.589e+00             268.647           1.390e+01     
  46.000         180.000            9.080e+00          -2.717e+00             138.867           8.783e+00             269.080           1.411e+01     
  45.000         180.000            9.249e+00          -2.538e+00             137.901           8.951e+00             269.513           1.429e+01     
  44.000         180.000            9.391e+00          -2.367e+00             136.983           9.091e+00             269.944           1.446e+01     
  43.000         180.000            9.505e+00          -2.204e+00             136.116           9.202e+00             270.377           1.462e+01     
  42.000         180.000            9.591e+00          -2.052e+00             135.305           9.283e+00             270.811           1.475e+01     
  41.000         180.000            9.646e+00          -1.910e+00             134.552           9.332e+00             271.249           1.487e+01     
  40.000         180.000            9.670e+00          -1.780e+00             133.861           9.348e+00             271.691           1.496e+01     
  39.000         180.000            9.661e+00          -1.664e+00             133.233           9.329e+00             272.139           1.503e+01     
  38.000         180.000            9.617e+00          -1.562e+00             132.673           9.273e+00             272.595           1.508e+01     
  37.000         180.000            9.536e+00          -1.475e+00             132.181           9.178e+00             273.061           1.511e+01     
  36.000         180.000            9.416e+00          -1.405e+00             131.760           9.041e+00             273.540           1.510e+01     
  35.000         180.000            9.254e+00          -1.352e+00             131.412           8.858e+00             274.036           1.507e+01     
  34.000         180.000            9.046e+00          -1.318e+00             131.138           8.627e+00             274.553           1.501e+01     
  33.000         180.000            8.791e+00          -1.304e+00             130.942           8.344e+00             275.095           1.491e+01     
  32.000         180.000            8.482e+00          -1.311e+00             130.828           8.001e+00             275.669           1.478e+01     
  31.000         180.000            8.117e+00          -1.340e+00             130.793           7.595e+00             276.285           1.462e+01     
  30.000         180.000            7.689e+00          -1.392e+00             130.841           7.116e+00             276.952           1.442e+01     
  29.000         180.000            7.192e+00          -1.468e+00             130.976           6.556e+00             277.688           1.418e+01     
  28.000         180.000            6.617e+00          -1.570e+00             131.201           5.902e+00             278.513           1.391e+01     
  27.000         180.000            5.955e+00          -1.698e+00             131.519           5.137e+00             279.459           1.360e+01     
  26.000         180.000            5.195e+00          -1.853e+00             131.935           4.240e+00             280.573           1.328e+01     
  25.000         180.000            4.323e+00          -2.038e+00             132.454           3.181e+00             281.930           1.296e+01     
  24.000         180.000            3.325e+00          -2.251e+00             133.081           1.917e+00             283.657           1.270e+01     
  23.000         180.000            2.186e+00          -2.496e+00             133.824           3.804e-01             285.979           1.264e+01     
  22.000         180.000            9.014e-01          -2.773e+00             134.691          -1.533e+00             289.354           1.306e+01     
  21.000         180.000           -5.079e-01          -3.082e+00             135.691          -4.003e+00             294.833           1.475e+01     
  20.000         180.000           -1.942e+00          -3.426e+00             136.835          -7.325e+00             305.365           2.083e+01     
  19.000         180.000           -3.135e+00          -3.805e+00             138.136          -1.159e+01             330.956           2.215e+01     
  18.000         180.000           -3.655e+00          -4.219e+00             139.609          -1.279e+01              24.428           9.683e+00     
  17.000         180.000           -3.236e+00          -4.670e+00             141.271          -8.743e+00              59.660           4.282e+00     
  16.000         180.000           -2.126e+00          -5.158e+00             143.143          -5.114e+00              73.457           3.146e+00     
  15.000         180.000           -7.639e-01          -5.684e+00             145.248          -2.452e+00              80.134           5.130e+00     
  14.000         180.000            5.775e-01          -6.245e+00             147.612          -4.345e-01              84.057           7.316e+00     
  13.000         180.000            1.792e+00          -6.840e+00             150.264           1.152e+00              86.679           9.256e+00     
  12.000         180.000            2.855e+00          -7.469e+00             153.235           2.432e+00              88.593           1.096e+01     
  11.000         180.000            3.771e+00          -8.126e+00             156.555           3.481e+00              90.083           1.246e+01     
  10.000         180.000            4.551e+00          -8.805e+00             160.257           4.346e+00              91.300           1.381e+01     
   9.000         180.000            5.210e+00          -9.501e+00             164.362           5.061e+00              92.334           1.503e+01     
   8.000         180.000            5.760e+00          -1.020e+01             168.886           5.648e+00              93.240           1.614e+01     
   7.000         180.000            6.209e+00          -1.090e+01             173.822           6.124e+00              94.055           1.717e+01     
   6.000         180.000            6.568e+00          -1.158e+01             179.136           6.501e+00              94.804           1.812e+01     
   5.000         180.000            6.841e+00          -1.222e+01             184.762           6.786e+00              95.507           1.901e+01     
   4.000         180.000            7.033e+00          -1.283e+01             190.594           6.988e+00              96.178           1.984e+01     
   3.000         180.000            7.148e+00          -1.339e+01             196.495           7.109e+00              96.828           2.062e+01     
   2.000         180.000            7.187e+00          -1.390e+01             202.304           7.153e+00              97.466           2.136e+01     
   1.000         180.000            7.153e+00          -1.439e+01             207.854           7.123e+00              98.102           2.204e+01     
