Theta [deg.]  Phi   [deg.]  Abs(Dir.)[dBi   ]   Abs(Theta)[dBi   ]  Phase(Theta)[deg.]  Abs(Phi  )[dBi   ]  Phase(Phi  )[deg.]  Ax.Ratio[dB    ]    

   0.000           0.000            7.949e+00          -1.195e+01             234.117           7.905e+00             268.440           2.490e+01     
   1.000           0.000            7.939e+00          -1.175e+01             229.529           7.892e+00             268.403           2.375e+01     
   2.000           0.000            7.858e+00          -1.157e+01             224.515           7.808e+00             268.311           2.262e+01     
   3.000           0.000            7.706e+00          -1.138e+01             219.108           7.652e+00             268.163           2.151e+01     
   4.000           0.000            7.479e+00          -1.117e+01             213.362           7.419e+00             267.957           2.041e+01     
   5.000           0.000            7.172e+00          -1.093e+01             207.362           7.105e+00             267.686           1.929e+01     
   6.000           0.000            6.781e+00          -1.064e+01             201.219           6.702e+00             267.340           1.814e+01     
   7.000           0.000            6.298e+00          -1.029e+01             195.058           6.202e+00             266.905           1.696e+01     
   8.000           0.000            5.713e+00          -9.892e+00             189.010           5.592e+00             266.359           1.571e+01     
   9.000           0.000            5.015e+00          -9.441e+00             183.188           4.856e+00             265.669           1.438e+01     
  10.000           0.000            4.188e+00          -8.949e+00             177.687           3.972e+00             264.784           1.293e+01     
  11.000           0.000            3.213e+00          -8.430e+00             172.566           2.905e+00             263.621           1.134e+01     
  12.000           0.000            2.069e+00          -7.894e+00             167.859           1.608e+00             262.033           9.531e+00     
  13.000           0.000            7.356e-01          -7.354e+00             163.573           2.996e-03             259.749           7.431e+00     
  14.000           0.000           -7.896e-01          -6.821e+00             159.699          -2.036e+00             256.198           4.896e+00     
  15.000           0.000           -2.433e+00          -6.301e+00             156.215          -4.728e+00             249.972           1.675e+00     
  16.000           0.000           -3.908e+00          -5.802e+00             153.093          -8.427e+00             236.743           2.802e+00     
  17.000           0.000           -4.595e+00          -5.327e+00             150.304          -1.268e+01             201.609           1.018e+01     
  18.000           0.000           -4.020e+00          -4.882e+00             147.817          -1.147e+01             146.512           4.000e+01     
  19.000           0.000           -2.567e+00          -4.466e+00             145.604          -7.073e+00             120.997           1.365e+01     
  20.000           0.000           -8.809e-01          -4.082e+00             143.639          -3.709e+00             110.838           1.063e+01     
  21.000           0.000            7.098e-01          -3.730e+00             141.898          -1.227e+00             105.672           1.014e+01     
  22.000           0.000            2.116e+00          -3.409e+00             140.360           6.883e-01             102.560           1.046e+01     
  23.000           0.000            3.335e+00          -3.121e+00             139.009           2.222e+00             100.465           1.102e+01     
  24.000           0.000            4.388e+00          -2.864e+00             137.828           3.482e+00              98.943           1.162e+01     
  25.000           0.000            5.297e+00          -2.638e+00             136.805           4.535e+00              97.773           1.221e+01     
  26.000           0.000            6.083e+00          -2.442e+00             135.926           5.426e+00              96.834           1.274e+01     
  27.000           0.000            6.763e+00          -2.274e+00             135.184           6.184e+00              96.053           1.321e+01     
  28.000           0.000            7.351e+00          -2.135e+00             134.568           6.832e+00              95.385           1.362e+01     
  29.000           0.000            7.857e+00          -2.022e+00             134.072           7.386e+00              94.799           1.398e+01     
  30.000           0.000            8.291e+00          -1.936e+00             133.689           7.857e+00              94.275           1.429e+01     
  31.000           0.000            8.659e+00          -1.874e+00             133.414           8.257e+00              93.799           1.454e+01     
  32.000           0.000            8.969e+00          -1.836e+00             133.242           8.592e+00              93.358           1.476e+01     
  33.000           0.000            9.225e+00          -1.822e+00             133.166           8.869e+00              92.947           1.493e+01     
  34.000           0.000            9.431e+00          -1.828e+00             133.189           9.093e+00              92.557           1.506e+01     
  35.000           0.000            9.591e+00          -1.856e+00             133.304           9.268e+00              92.185           1.515e+01     
  36.000           0.000            9.708e+00          -1.903e+00             133.508           9.398e+00              91.827           1.521e+01     
  37.000           0.000            9.786e+00          -1.968e+00             133.798           9.485e+00              91.479           1.523e+01     
  38.000           0.000            9.825e+00          -2.050e+00             134.172           9.534e+00              91.140           1.523e+01     
  39.000           0.000            9.829e+00          -2.149e+00             134.626           9.545e+00              90.806           1.520e+01     
  40.000           0.000            9.799e+00          -2.262e+00             135.157           9.520e+00              90.478           1.514e+01     
  41.000           0.000            9.738e+00          -2.390e+00             135.764           9.463e+00              90.152           1.505e+01     
  42.000           0.000            9.645e+00          -2.529e+00             136.442           9.373e+00              89.829           1.494e+01     
  43.000           0.000            9.523e+00          -2.680e+00             137.188           9.253e+00              89.506           1.481e+01     
  44.000           0.000            9.373e+00          -2.842e+00             137.999           9.104e+00              89.183           1.466e+01     
  45.000           0.000            9.196e+00          -3.012e+00             138.871           8.927e+00              88.860           1.449e+01     
  46.000           0.000            8.993e+00          -3.191e+00             139.800           8.722e+00              88.535           1.430e+01     
  47.000           0.000            8.765e+00          -3.376e+00             140.779           8.491e+00              88.208           1.408e+01     
  48.000           0.000            8.512e+00          -3.568e+00             141.805           8.234e+00              87.879           1.386e+01     
  49.000           0.000            8.236e+00          -3.764e+00             142.872           7.953e+00              87.546           1.361e+01     
  50.000           0.000            7.936e+00          -3.964e+00             143.973           7.647e+00              87.210           1.335e+01     
  51.000           0.000            7.615e+00          -4.167e+00             145.103           7.317e+00              86.870           1.307e+01     
  52.000           0.000            7.272e+00          -4.372e+00             146.254           6.964e+00              86.526           1.278e+01     
  53.000           0.000            6.907e+00          -4.580e+00             147.421           6.588e+00              86.178           1.247e+01     
  54.000           0.000            6.522e+00          -4.788e+00             148.594           6.189e+00              85.824           1.215e+01     
  55.000           0.000            6.117e+00          -4.997e+00             149.771           5.767e+00              85.465           1.181e+01     
  56.000           0.000            5.692e+00          -5.205e+00             150.939           5.324e+00              85.101           1.146e+01     
  57.000           0.000            5.248e+00          -5.414e+00             152.092           4.859e+00              84.732           1.110e+01     
  58.000           0.000            4.786e+00          -5.622e+00             153.225           4.371e+00              84.357           1.072e+01     
  59.000           0.000            4.304e+00          -5.830e+00             154.330           3.861e+00              83.976           1.033e+01     
  60.000           0.000            3.805e+00          -6.037e+00             155.401           3.329e+00              83.589           9.920e+00     
  61.000           0.000            3.287e+00          -6.244e+00             156.433           2.774e+00              83.196           9.497e+00     
  62.000           0.000            2.752e+00          -6.451e+00             157.418           2.197e+00              82.797           9.059e+00     
  63.000           0.000            2.201e+00          -6.657e+00             158.353           1.595e+00              82.392           8.604e+00     
  64.000           0.000            1.632e+00          -6.863e+00             159.232           9.698e-01              81.982           8.132e+00     
  65.000           0.000            1.047e+00          -7.069e+00             160.050           3.194e-01              81.565           7.641e+00     
  66.000           0.000            4.468e-01          -7.275e+00             160.804          -3.570e-01              81.143           7.131e+00     
  67.000           0.000           -1.688e-01          -7.482e+00             161.490          -1.061e+00              80.715           6.600e+00     
  68.000           0.000           -7.989e-01          -7.690e+00             162.105          -1.793e+00              80.282           6.046e+00     
  69.000           0.000           -1.443e+00          -7.898e+00             162.646          -2.556e+00              79.845           5.466e+00     
  70.000           0.000           -2.099e+00          -8.108e+00             163.111          -3.352e+00              79.403           4.860e+00     
  71.000           0.000           -2.767e+00          -8.319e+00             163.497          -4.184e+00              78.959           4.223e+00     
  72.000           0.000           -3.444e+00          -8.531e+00             163.802          -5.055e+00              78.513           3.552e+00     
  73.000           0.000           -4.129e+00          -8.744e+00             164.026          -5.970e+00              78.066           2.843e+00     
  74.000           0.000           -4.818e+00          -8.958e+00             164.165          -6.933e+00              77.621           2.094e+00     
  75.000           0.000           -5.509e+00          -9.174e+00             164.219          -7.951e+00              77.181           1.303e+00     
  76.000           0.000           -6.198e+00          -9.391e+00             164.188          -9.033e+00              76.751           5.286e-01     
  77.000           0.000           -6.880e+00          -9.609e+00             164.069          -1.019e+01              76.334           6.747e-01     
  78.000           0.000           -7.548e+00          -9.828e+00             163.862          -1.144e+01              75.942           1.638e+00     
  79.000           0.000           -8.196e+00          -1.005e+01             163.566          -1.279e+01              75.586           2.760e+00     
  80.000           0.000           -8.816e+00          -1.027e+01             163.182          -1.428e+01              75.287           4.026e+00     
  81.000           0.000           -9.400e+00          -1.049e+01             162.708          -1.595e+01              75.080           5.473e+00     
  82.000           0.000           -9.941e+00          -1.071e+01             162.146          -1.785e+01              75.029           7.161e+00     
  83.000           0.000           -1.043e+01          -1.093e+01             161.495          -2.010e+01              75.255           9.195e+00     
  84.000           0.000           -1.086e+01          -1.114e+01             160.755          -2.287e+01              76.045           1.177e+01     
  85.000           0.000           -1.123e+01          -1.136e+01             159.929          -2.657e+01              78.215           1.531e+01     
  86.000           0.000           -1.154e+01          -1.157e+01             159.018          -3.231e+01              85.389           2.111e+01     
  87.000           0.000           -1.178e+01          -1.178e+01             158.023          -4.310e+01             142.897           4.000e+01     
  88.000           0.000           -1.196e+01          -1.199e+01             156.948          -3.441e+01             226.981           2.297e+01     
  89.000           0.000           -1.210e+01          -1.219e+01             155.795          -2.876e+01             236.275           1.669e+01     
  90.000           0.000           -1.218e+01          -1.239e+01             154.570          -2.554e+01             238.757           1.320e+01     
  91.000           0.000           -1.224e+01          -1.258e+01             153.275          -2.337e+01             239.520           1.081e+01     
  92.000           0.000           -1.226e+01          -1.277e+01             151.918          -2.177e+01             239.579           9.008e+00     
  93.000           0.000           -1.226e+01          -1.295e+01             150.503          -2.054e+01             239.267           7.584e+00     
  94.000           0.000           -1.224e+01          -1.313e+01             149.039          -1.955e+01             238.722           6.421e+00     
  95.000           0.000           -1.221e+01          -1.330e+01             147.533          -1.875e+01             238.012           5.450e+00     
  96.000           0.000           -1.218e+01          -1.347e+01             145.992          -1.809e+01             237.171           4.626e+00     
  97.000           0.000           -1.214e+01          -1.362e+01             144.427          -1.754e+01             236.216           3.922e+00     
  98.000           0.000           -1.211e+01          -1.378e+01             142.845          -1.707e+01             235.156           3.313e+00     
  99.000           0.000           -1.208e+01          -1.393e+01             141.258          -1.668e+01             233.995           2.785e+00     
 100.000           0.000           -1.205e+01          -1.407e+01             139.674          -1.635e+01             232.733           2.324e+00     
 101.000           0.000           -1.203e+01          -1.422e+01             138.104          -1.607e+01             231.367           1.918e+00     
 102.000           0.000           -1.202e+01          -1.436e+01             136.557          -1.583e+01             229.893           1.556e+00     
 103.000           0.000           -1.201e+01          -1.450e+01             135.044          -1.562e+01             228.306           1.229e+00     
 104.000           0.000           -1.202e+01          -1.464e+01             133.573          -1.545e+01             226.600           9.273e-01     
 105.000           0.000           -1.203e+01          -1.479e+01             132.155          -1.530e+01             224.769           6.426e-01     
 106.000           0.000           -1.204e+01          -1.495e+01             130.798          -1.516e+01             222.808           3.746e-01     
 107.000           0.000           -1.207e+01          -1.511e+01             129.512          -1.504e+01             220.711           1.930e-01     
 108.000           0.000           -1.210e+01          -1.528e+01             128.306          -1.493e+01             218.474           3.522e-01     
 109.000           0.000           -1.213e+01          -1.547e+01             127.190          -1.483e+01             216.096           6.691e-01     
 110.000           0.000           -1.216e+01          -1.568e+01             126.174          -1.472e+01             213.579           1.042e+00     
 111.000           0.000           -1.220e+01          -1.591e+01             125.268          -1.461e+01             210.927           1.465e+00     
 112.000           0.000           -1.223e+01          -1.617e+01             124.485          -1.448e+01             208.149           1.945e+00     
 113.000           0.000           -1.226e+01          -1.645e+01             123.841          -1.434e+01             205.258           2.488e+00     
 114.000           0.000           -1.228e+01          -1.678e+01             123.354          -1.419e+01             202.271           3.105e+00     
 115.000           0.000           -1.229e+01          -1.714e+01             123.045          -1.401e+01             199.213           3.803e+00     
 116.000           0.000           -1.228e+01          -1.755e+01             122.945          -1.381e+01             196.109           4.594e+00     
 117.000           0.000           -1.224e+01          -1.801e+01             123.092          -1.358e+01             192.988           5.493e+00     
 118.000           0.000           -1.218e+01          -1.854e+01             123.539          -1.332e+01             189.882           6.516e+00     
 119.000           0.000           -1.209e+01          -1.914e+01             124.360          -1.304e+01             186.820           7.687e+00     
 120.000           0.000           -1.196e+01          -1.983e+01             125.660          -1.273e+01             183.831           9.041e+00     
 121.000           0.000           -1.179e+01          -2.061e+01             127.589          -1.240e+01             180.942           1.063e+01     
 122.000           0.000           -1.158e+01          -2.151e+01             130.377          -1.205e+01             178.173           1.253e+01     
 123.000           0.000           -1.134e+01          -2.253e+01             134.366          -1.168e+01             175.543           1.489e+01     
 124.000           0.000           -1.105e+01          -2.366e+01             140.080          -1.130e+01             173.062           1.800e+01     
 125.000           0.000           -1.074e+01          -2.486e+01             148.270          -1.091e+01             170.738           2.260e+01     
 126.000           0.000           -1.039e+01          -2.598e+01             159.827          -1.051e+01             168.576           3.207e+01     
 127.000           0.000           -1.002e+01          -2.674e+01             175.101          -1.011e+01             166.572           3.339e+01     
 128.000           0.000           -9.631e+00          -2.676e+01             192.634          -9.716e+00             164.724           2.377e+01     
 129.000           0.000           -9.230e+00          -2.596e+01             209.179          -9.323e+00             163.028           1.957e+01     
 130.000           0.000           -8.821e+00          -2.464e+01             222.374          -8.937e+00             161.474           1.693e+01     
 131.000           0.000           -8.412e+00          -2.315e+01             232.010          -8.560e+00             160.056           1.505e+01     
 132.000           0.000           -8.006e+00          -2.169e+01             238.889          -8.196e+00             158.764           1.363e+01     
 133.000           0.000           -7.607e+00          -2.034e+01             243.845          -7.845e+00             157.590           1.252e+01     
 134.000           0.000           -7.220e+00          -1.912e+01             247.490          -7.509e+00             156.523           1.162e+01     
 135.000           0.000           -6.848e+00          -1.803e+01             250.233          -7.191e+00             155.556           1.088e+01     
 136.000           0.000           -6.493e+00          -1.706e+01             252.341          -6.892e+00             154.679           1.026e+01     
 137.000           0.000           -6.159e+00          -1.619e+01             253.993          -6.613e+00             153.885           9.745e+00     
 138.000           0.000           -5.847e+00          -1.542e+01             255.312          -6.355e+00             153.166           9.311e+00     
 139.000           0.000           -5.560e+00          -1.473e+01             256.382          -6.120e+00             152.514           8.945e+00     
 140.000           0.000           -5.299e+00          -1.412e+01             257.263          -5.909e+00             151.924           8.635e+00     
 141.000           0.000           -5.065e+00          -1.359e+01             258.000          -5.723e+00             151.390           8.373e+00     
 142.000           0.000           -4.861e+00          -1.313e+01             258.627          -5.562e+00             150.906           8.153e+00     
 143.000           0.000           -4.689e+00          -1.273e+01             259.167          -5.430e+00             150.467           7.970e+00     
 144.000           0.000           -4.548e+00          -1.240e+01             259.640          -5.326e+00             150.069           7.820e+00     
 145.000           0.000           -4.441e+00          -1.213e+01             260.063          -5.251e+00             149.708           7.699e+00     
 146.000           0.000           -4.370e+00          -1.193e+01             260.446          -5.208e+00             149.382           7.606e+00     
 147.000           0.000           -4.336e+00          -1.178e+01             260.800          -5.197e+00             149.087           7.538e+00     
 148.000           0.000           -4.340e+00          -1.170e+01             261.130          -5.221e+00             148.822           7.493e+00     
 149.000           0.000           -4.385e+00          -1.168e+01             261.449          -5.281e+00             148.585           7.473e+00     
 150.000           0.000           -4.473e+00          -1.173e+01             261.761          -5.378e+00             148.375           7.476e+00     
 151.000           0.000           -4.606e+00          -1.184e+01             262.071          -5.516e+00             148.193           7.503e+00     
 152.000           0.000           -4.787e+00          -1.203e+01             262.386          -5.695e+00             148.038           7.555e+00     
 153.000           0.000           -5.019e+00          -1.229e+01             262.710          -5.920e+00             147.912           7.634e+00     
 154.000           0.000           -5.306e+00          -1.264e+01             263.049          -6.193e+00             147.819           7.742e+00     
 155.000           0.000           -5.651e+00          -1.308e+01             263.409          -6.517e+00             147.762           7.885e+00     
 156.000           0.000           -6.059e+00          -1.362e+01             263.797          -6.897e+00             147.748           8.068e+00     
 157.000           0.000           -6.538e+00          -1.427e+01             264.224          -7.338e+00             147.786           8.299e+00     
 158.000           0.000           -7.092e+00          -1.507e+01             264.701          -7.846e+00             147.889           8.592e+00     
 159.000           0.000           -7.732e+00          -1.602e+01             265.246          -8.428e+00             148.073           8.967e+00     
 160.000           0.000           -8.466e+00          -1.718e+01             265.888          -9.093e+00             148.363           9.453e+00     
 161.000           0.000           -9.310e+00          -1.860e+01             266.674          -9.853e+00             148.794           1.010e+01     
 162.000           0.000           -1.028e+01          -2.039e+01             267.697          -1.072e+01             149.418           1.100e+01     
 163.000           0.000           -1.139e+01          -2.273e+01             269.161          -1.172e+01             150.313           1.233e+01     
 164.000           0.000           -1.266e+01          -2.601e+01             271.646          -1.287e+01             151.599           1.450e+01     
 165.000           0.000           -1.412e+01          -3.134e+01             277.717          -1.421e+01             153.468           1.884e+01     
 166.000           0.000           -1.577e+01          -4.370e+01             326.118          -1.578e+01             156.283           4.000e+01     
 167.000           0.000           -1.754e+01          -3.380e+01              70.692          -1.764e+01             160.686           1.615e+01     
 168.000           0.000           -1.917e+01          -2.747e+01              79.684          -1.987e+01             167.974           7.611e+00     
 169.000           0.000           -2.009e+01          -2.393e+01              82.920          -2.241e+01             180.832           1.937e+00     
 170.000           0.000           -1.983e+01          -2.153e+01              84.867          -2.472e+01             203.571           5.640e+00     
 171.000           0.000           -1.866e+01          -1.976e+01              86.357          -2.516e+01             234.603           1.273e+01     
 172.000           0.000           -1.722e+01          -1.840e+01              87.665          -2.343e+01             259.540           2.436e+01     
 173.000           0.000           -1.585e+01          -1.735e+01              88.912          -2.121e+01             273.848           2.814e+01     
 174.000           0.000           -1.467e+01          -1.652e+01              90.163          -1.927e+01             281.718           2.033e+01     
 175.000           0.000           -1.368e+01          -1.588e+01              91.463          -1.770e+01             286.216           1.795e+01     
 176.000           0.000           -1.287e+01          -1.539e+01              92.848          -1.644e+01             288.845           1.711e+01     
 177.000           0.000           -1.223e+01          -1.505e+01              94.350          -1.543e+01             290.342           1.706e+01     
 178.000           0.000           -1.172e+01          -1.484e+01              96.006          -1.462e+01             291.097           1.756e+01     
 179.000           0.000           -1.133e+01          -1.474e+01              97.855          -1.398e+01             291.329           1.859e+01     
 180.000           0.000           -1.106e+01          -1.475e+01              99.943          -1.349e+01             291.164           2.025e+01     
 179.000         180.000           -1.089e+01          -1.487e+01             282.327          -1.311e+01             110.692           2.290e+01     
 178.000         180.000           -1.082e+01          -1.510e+01             285.087          -1.285e+01             109.956           2.772e+01     
 177.000         180.000           -1.084e+01          -1.543e+01             288.321          -1.269e+01             108.989           4.000e+01     
 176.000         180.000           -1.093e+01          -1.586e+01             292.157          -1.262e+01             107.807           2.900e+01     
 175.000         180.000           -1.110e+01          -1.638e+01             296.761          -1.263e+01             106.418           2.167e+01     
 174.000         180.000           -1.135e+01          -1.698e+01             302.343          -1.273e+01             104.824           1.729e+01     
 173.000         180.000           -1.165e+01          -1.763e+01             309.152          -1.291e+01             103.015           1.403e+01     
 172.000         180.000           -1.201e+01          -1.828e+01             317.434          -1.317e+01             100.979           1.135e+01     
 171.000         180.000           -1.240e+01          -1.884e+01             327.339          -1.352e+01              98.690           9.026e+00     
 170.000         180.000           -1.281e+01          -1.921e+01             338.734          -1.394e+01              96.115           6.970e+00     
 169.000         180.000           -1.322e+01          -1.928e+01             351.048          -1.445e+01              93.206           5.209e+00     
 168.000         180.000           -1.359e+01          -1.902e+01               3.345          -1.505e+01              89.896           4.009e+00     
 167.000         180.000           -1.389e+01          -1.847e+01              14.709          -1.574e+01              86.092           3.998e+00     
 166.000         180.000           -1.408e+01          -1.774e+01              24.610          -1.653e+01              81.662           5.448e+00     
 165.000         180.000           -1.415e+01          -1.692e+01              32.949          -1.741e+01              76.421           8.007e+00     
 164.000         180.000           -1.408e+01          -1.609e+01              39.879          -1.839e+01              70.105           1.172e+01     
 163.000         180.000           -1.390e+01          -1.531e+01              45.674          -1.944e+01              62.358           1.766e+01     
 162.000         180.000           -1.361e+01          -1.460e+01              50.571          -2.053e+01              52.734           3.637e+01     
 161.000         180.000           -1.326e+01          -1.396e+01              54.778          -2.153e+01              40.795           2.124e+01     
 160.000         180.000           -1.288e+01          -1.341e+01              58.461          -2.229e+01              26.440           1.519e+01     
 159.000         180.000           -1.249e+01          -1.293e+01              61.746          -2.261e+01              10.399           1.221e+01     
 158.000         180.000           -1.211e+01          -1.254e+01              64.736          -2.238e+01             354.317           1.047e+01     
 157.000         180.000           -1.175e+01          -1.222e+01              67.507          -2.170e+01             339.854           9.495e+00     
 156.000         180.000           -1.143e+01          -1.197e+01              70.123          -2.077e+01             327.775           9.062e+00     
 155.000         180.000           -1.114e+01          -1.179e+01              72.636          -1.975e+01             317.996           9.063e+00     
 154.000         180.000           -1.090e+01          -1.168e+01              75.090          -1.875e+01             310.086           9.425e+00     
 153.000         180.000           -1.070e+01          -1.163e+01              77.524          -1.782e+01             303.596           1.011e+01     
 152.000         180.000           -1.053e+01          -1.165e+01              79.974          -1.698e+01             298.167           1.109e+01     
 151.000         180.000           -1.041e+01          -1.172e+01              82.475          -1.623e+01             293.534           1.240e+01     
 150.000         180.000           -1.032e+01          -1.186e+01              85.063          -1.556e+01             289.511           1.412e+01     
 149.000         180.000           -1.027e+01          -1.206e+01              87.775          -1.497e+01             285.966           1.642e+01     
 148.000         180.000           -1.025e+01          -1.231e+01              90.652          -1.446e+01             282.803           1.973e+01     
 147.000         180.000           -1.026e+01          -1.263e+01              93.747          -1.402e+01             279.945           2.544e+01     
 146.000         180.000           -1.029e+01          -1.299e+01              97.096          -1.364e+01             277.361           4.000e+01     
 145.000         180.000           -1.036e+01          -1.341e+01             100.769          -1.333e+01             275.004           2.596e+01     
 144.000         180.000           -1.044e+01          -1.387e+01             104.836          -1.307e+01             272.845           1.961e+01     
 143.000         180.000           -1.055e+01          -1.438e+01             109.376          -1.287e+01             270.865           1.590e+01     
 142.000         180.000           -1.068e+01          -1.492e+01             114.479          -1.273e+01             269.047           1.323e+01     
 141.000         180.000           -1.082e+01          -1.548e+01             120.234          -1.264e+01             267.379           1.114e+01     
 140.000         180.000           -1.098e+01          -1.603e+01             126.723          -1.261e+01             265.852           9.419e+00     
 139.000         180.000           -1.115e+01          -1.654e+01             133.998          -1.264e+01             264.461           7.956e+00     
 138.000         180.000           -1.134e+01          -1.699e+01             142.046          -1.272e+01             263.201           6.702e+00     
 137.000         180.000           -1.153e+01          -1.732e+01             150.758          -1.285e+01             262.070           5.643e+00     
 136.000         180.000           -1.173e+01          -1.751e+01             159.912          -1.306e+01             261.068           4.799e+00     
 135.000         180.000           -1.193e+01          -1.754e+01             169.195          -1.332e+01             260.201           4.224e+00     
 134.000         180.000           -1.214e+01          -1.742e+01             178.268          -1.366e+01             259.473           3.999e+00     
 133.000         180.000           -1.234e+01          -1.715e+01             186.845          -1.408e+01             258.897           4.173e+00     
 132.000         180.000           -1.254e+01          -1.679e+01             194.744          -1.459e+01             258.490           4.716e+00     
 131.000         180.000           -1.273e+01          -1.636e+01             201.894          -1.519e+01             258.279           5.556e+00     
 130.000         180.000           -1.290e+01          -1.590e+01             208.307          -1.592e+01             258.306           6.627e+00     
 129.000         180.000           -1.305e+01          -1.544e+01             214.050          -1.678e+01             258.640           7.889e+00     
 128.000         180.000           -1.316e+01          -1.498e+01             219.206          -1.782e+01             259.389           9.324e+00     
 127.000         180.000           -1.324e+01          -1.455e+01             223.868          -1.909e+01             260.750           1.092e+01     
 126.000         180.000           -1.327e+01          -1.414e+01             228.119          -2.066e+01             263.090           1.264e+01     
 125.000         180.000           -1.324e+01          -1.377e+01             232.030          -2.265e+01             267.179           1.443e+01     
 124.000         180.000           -1.315e+01          -1.342e+01             235.671          -2.524e+01             274.912           1.614e+01     
 123.000         180.000           -1.299e+01          -1.312e+01             239.094          -2.858e+01             291.600           1.756e+01     
 122.000         180.000           -1.277e+01          -1.284e+01             242.344          -3.126e+01             328.851           1.844e+01     
 121.000         180.000           -1.250e+01          -1.259e+01             245.459          -2.928e+01              11.650           1.862e+01     
 120.000         180.000           -1.216e+01          -1.237e+01             248.470          -2.554e+01              32.718           1.812e+01     
 119.000         180.000           -1.178e+01          -1.217e+01             251.405          -2.247e+01              42.291           1.717e+01     
 118.000         180.000           -1.136e+01          -1.199e+01             254.286          -2.005e+01              47.401           1.600e+01     
 117.000         180.000           -1.091e+01          -1.184e+01             257.131          -1.809e+01              50.504           1.479e+01     
 116.000         180.000           -1.045e+01          -1.170e+01             259.956          -1.646e+01              52.568           1.364e+01     
 115.000         180.000           -9.966e+00          -1.158e+01             262.774          -1.505e+01              54.040           1.260e+01     
 114.000         180.000           -9.479e+00          -1.146e+01             265.596          -1.383e+01              55.148           1.167e+01     
 113.000         180.000           -8.991e+00          -1.136e+01             268.429          -1.275e+01              56.022           1.086e+01     
 112.000         180.000           -8.505e+00          -1.127e+01             271.279          -1.178e+01              56.739           1.017e+01     
 111.000         180.000           -8.025e+00          -1.118e+01             274.150          -1.090e+01              57.350           9.566e+00     
 110.000         180.000           -7.554e+00          -1.109e+01             277.042          -1.010e+01              57.885           9.051e+00     
 109.000         180.000           -7.092e+00          -1.099e+01             279.956          -9.363e+00              58.368           8.613e+00     
 108.000         180.000           -6.641e+00          -1.090e+01             282.889          -8.683e+00              58.814           8.240e+00     
 107.000         180.000           -6.202e+00          -1.080e+01             285.835          -8.052e+00              59.234           7.924e+00     
 106.000         180.000           -5.775e+00          -1.069e+01             288.788          -7.464e+00              59.636           7.657e+00     
 105.000         180.000           -5.361e+00          -1.058e+01             291.740          -6.914e+00              60.026           7.433e+00     
 104.000         180.000           -4.958e+00          -1.045e+01             294.681          -6.398e+00              60.407           7.243e+00     
 103.000         180.000           -4.567e+00          -1.031e+01             297.602          -5.913e+00              60.783           7.084e+00     
 102.000         180.000           -4.189e+00          -1.016e+01             300.491          -5.454e+00              61.155           6.950e+00     
 101.000         180.000           -3.822e+00          -9.998e+00             303.337          -5.020e+00              61.525           6.836e+00     
 100.000         180.000           -3.466e+00          -9.820e+00             306.128          -4.609e+00              61.894           6.738e+00     
  99.000         180.000           -3.120e+00          -9.630e+00             308.853          -4.218e+00              62.262           6.654e+00     
  98.000         180.000           -2.786e+00          -9.426e+00             311.503          -3.847e+00              62.629           6.580e+00     
  97.000         180.000           -2.461e+00          -9.211e+00             314.069          -3.493e+00              62.996           6.514e+00     
  96.000         180.000           -2.147e+00          -8.984e+00             316.542          -3.155e+00              63.361           6.453e+00     
  95.000         180.000           -1.842e+00          -8.747e+00             318.917          -2.833e+00              63.724           6.395e+00     
  94.000         180.000           -1.546e+00          -8.500e+00             321.188          -2.524e+00              64.084           6.339e+00     
  93.000         180.000           -1.260e+00          -8.245e+00             323.352          -2.230e+00              64.441           6.284e+00     
  92.000         180.000           -9.821e-01          -7.983e+00             325.406          -1.948e+00              64.794           6.228e+00     
  91.000         180.000           -7.132e-01          -7.716e+00             327.349          -1.679e+00              65.141           6.169e+00     
  90.000         180.000           -4.529e-01          -7.443e+00             329.181          -1.422e+00              65.482           6.108e+00     
  89.000         180.000           -2.011e-01          -7.167e+00             330.901          -1.176e+00              65.815           6.044e+00     
  88.000         180.000            4.215e-02          -6.888e+00             332.512          -9.420e-01              66.139           5.975e+00     
  87.000         180.000            2.770e-01          -6.607e+00             334.016          -7.189e-01              66.453           5.902e+00     
  86.000         180.000            5.033e-01          -6.326e+00             335.414          -5.069e-01              66.755           5.823e+00     
  85.000         180.000            7.210e-01          -6.044e+00             336.710          -3.061e-01              67.045           5.739e+00     
  84.000         180.000            9.301e-01          -5.764e+00             337.907          -1.163e-01              67.319           5.648e+00     
  83.000         180.000            1.130e+00          -5.484e+00             339.007           6.206e-02              67.578           5.551e+00     
  82.000         180.000            1.322e+00          -5.207e+00             340.014           2.289e-01              67.819           5.447e+00     
  81.000         180.000            1.504e+00          -4.932e+00             340.932           3.840e-01              68.040           5.336e+00     
  80.000         180.000            1.676e+00          -4.660e+00             341.763           5.270e-01              68.240           5.218e+00     
  79.000         180.000            1.839e+00          -4.392e+00             342.511           6.574e-01              68.417           5.092e+00     
  78.000         180.000            1.992e+00          -4.128e+00             343.178           7.748e-01              68.568           4.958e+00     
  77.000         180.000            2.134e+00          -3.868e+00             343.769           8.786e-01              68.692           4.815e+00     
  76.000         180.000            2.266e+00          -3.613e+00             344.285           9.683e-01              68.785           4.664e+00     
  75.000         180.000            2.386e+00          -3.364e+00             344.729           1.043e+00              68.845           4.504e+00     
  74.000         180.000            2.495e+00          -3.120e+00             345.104           1.102e+00              68.869           4.335e+00     
  73.000         180.000            2.593e+00          -2.882e+00             345.413           1.145e+00              68.853           4.156e+00     
  72.000         180.000            2.677e+00          -2.650e+00             345.657           1.170e+00              68.794           3.968e+00     
  71.000         180.000            2.749e+00          -2.424e+00             345.839           1.176e+00              68.687           3.770e+00     
  70.000         180.000            2.808e+00          -2.205e+00             345.960           1.163e+00              68.527           3.562e+00     
  69.000         180.000            2.853e+00          -1.994e+00             346.023           1.129e+00              68.308           3.345e+00     
  68.000         180.000            2.884e+00          -1.790e+00             346.030           1.074e+00              68.023           3.120e+00     
  67.000         180.000            2.900e+00          -1.594e+00             345.981           9.941e-01              67.665           2.889e+00     
  66.000         180.000            2.902e+00          -1.405e+00             345.878           8.896e-01              67.223           2.654e+00     
  65.000         180.000            2.889e+00          -1.226e+00             345.724           7.582e-01              66.688           2.421e+00     
  64.000         180.000            2.860e+00          -1.054e+00             345.518           5.984e-01              66.046           2.199e+00     
  63.000         180.000            2.817e+00          -8.921e-01             345.263           4.081e-01              65.280           2.005e+00     
  62.000         180.000            2.758e+00          -7.391e-01             344.959           1.853e-01              64.372           1.863e+00     
  61.000         180.000            2.684e+00          -5.957e-01             344.608          -7.206e-02              63.298           1.804e+00     
  60.000         180.000            2.596e+00          -4.623e-01             344.210          -3.660e-01              62.030           1.863e+00     
  59.000         180.000            2.495e+00          -3.391e-01             343.766          -6.986e-01              60.531           2.057e+00     
  58.000         180.000            2.382e+00          -2.265e-01             343.278          -1.071e+00              58.758           2.383e+00     
  57.000         180.000            2.258e+00          -1.248e-01             342.746          -1.486e+00              56.657           2.830e+00     
  56.000         180.000            2.126e+00          -3.433e-02             342.171          -1.941e+00              54.160           3.386e+00     
  55.000         180.000            1.989e+00           4.446e-02             341.553          -2.436e+00              51.186           4.046e+00     
  54.000         180.000            1.850e+00           1.115e-01             340.893          -2.967e+00              47.633           4.814e+00     
  53.000         180.000            1.713e+00           1.659e-01             340.193          -3.521e+00              43.392           5.695e+00     
  52.000         180.000            1.583e+00           2.075e-01             339.453          -4.081e+00              38.340           6.708e+00     
  51.000         180.000            1.464e+00           2.360e-01             338.675          -4.621e+00              32.370           7.875e+00     
  50.000         180.000            1.362e+00           2.508e-01             337.858          -5.100e+00              25.424           9.233e+00     
  49.000         180.000            1.283e+00           2.515e-01             337.003          -5.468e+00              17.551           1.083e+01     
  48.000         180.000            1.229e+00           2.376e-01             336.113          -5.675e+00               8.960           1.276e+01     
  47.000         180.000            1.204e+00           2.087e-01             335.187          -5.684e+00               0.030           1.515e+01     
  46.000         180.000            1.209e+00           1.641e-01             334.227          -5.489e+00             351.233           1.829e+01     
  45.000         180.000            1.245e+00           1.032e-01             333.234          -5.115e+00             343.006           2.286e+01     
  44.000         180.000            1.309e+00           2.549e-02             332.208          -4.612e+00             335.642           3.165e+01     
  43.000         180.000            1.396e+00          -6.980e-02             331.153          -4.032e+00             329.259           3.651e+01     
  42.000         180.000            1.502e+00          -1.834e-01             330.068          -3.424e+00             323.844           2.589e+01     
  41.000         180.000            1.619e+00          -3.162e-01             328.955          -2.824e+00             319.307           2.184e+01     
  40.000         180.000            1.740e+00          -4.690e-01             327.817          -2.255e+00             315.535           1.955e+01     
  39.000         180.000            1.856e+00          -6.430e-01             326.654          -1.733e+00             312.412           1.814e+01     
  38.000         180.000            1.961e+00          -8.391e-01             325.469          -1.269e+00             309.836           1.726e+01     
  37.000         180.000            2.047e+00          -1.059e+00             324.264          -8.699e-01             307.723           1.675e+01     
  36.000         180.000            2.106e+00          -1.303e+00             323.042          -5.389e-01             306.007           1.653e+01     
  35.000         180.000            2.132e+00          -1.574e+00             321.803          -2.799e-01             304.636           1.652e+01     
  34.000         180.000            2.116e+00          -1.873e+00             320.552          -9.579e-02             303.573           1.671e+01     
  33.000         180.000            2.054e+00          -2.202e+00             319.292           1.001e-02             302.793           1.706e+01     
  32.000         180.000            1.937e+00          -2.563e+00             318.028           3.403e-02             302.287           1.758e+01     
  31.000         180.000            1.758e+00          -2.959e+00             316.759          -2.973e-02             302.050           1.828e+01     
  30.000         180.000            1.509e+00          -3.394e+00             315.493          -1.873e-01             302.098           1.920e+01     
  29.000         180.000            1.181e+00          -3.870e+00             314.234          -4.471e-01             302.461           2.041e+01     
  28.000         180.000            7.618e-01          -4.392e+00             312.989          -8.198e-01             303.193           2.207e+01     
  27.000         180.000            2.400e-01          -4.964e+00             311.765          -1.320e+00             304.382           2.455e+01     
  26.000         180.000           -3.996e-01          -5.593e+00             310.573          -1.964e+00             306.168           2.904e+01     
  25.000         180.000           -1.174e+00          -6.285e+00             309.426          -2.775e+00             308.779           4.000e+01     
  24.000         180.000           -2.101e+00          -7.049e+00             308.340          -3.776e+00             312.593           2.921e+01     
  23.000         180.000           -3.193e+00          -7.897e+00             307.340          -4.987e+00             318.252           2.089e+01     
  22.000         180.000           -4.435e+00          -8.842e+00             306.461          -6.391e+00             326.848           1.527e+01     
  21.000         180.000           -5.738e+00          -9.903e+00             305.753          -7.837e+00             340.040           1.051e+01     
  20.000         180.000           -6.827e+00          -1.110e+01             305.296          -8.857e+00             359.181           6.352e+00     
  19.000         180.000           -7.201e+00          -1.248e+01             305.219          -8.729e+00              21.964           4.294e+00     
  18.000         180.000           -6.530e+00          -1.408e+01             305.745          -7.370e+00              42.032           6.791e+00     
  17.000         180.000           -5.102e+00          -1.598e+01             307.297          -5.473e+00              56.210           1.107e+01     
  16.000         180.000           -3.426e+00          -1.828e+01             310.745          -3.570e+00              65.550           1.560e+01     
  15.000         180.000           -1.796e+00          -2.112e+01             318.122          -1.848e+00              71.778           2.005e+01     
  14.000         180.000           -3.177e-01          -2.447e+01             334.589          -3.345e-01              76.075           2.431e+01     
  13.000         180.000            9.927e-01          -2.681e+01               8.043           9.855e-01              79.146           2.827e+01     
  12.000         180.000            2.145e+00          -2.536e+01              43.480           2.137e+00              81.408           3.173e+01     
  11.000         180.000            3.155e+00          -2.247e+01              61.642           3.143e+00              83.113           3.436e+01     
  10.000         180.000            4.038e+00          -2.003e+01              69.464           4.021e+00              84.422           3.584e+01     
   9.000         180.000            4.810e+00          -1.814e+01              72.723           4.788e+00              85.439           3.612e+01     
   8.000         180.000            5.480e+00          -1.668e+01              73.719           5.454e+00              86.235           3.547e+01     
   7.000         180.000            6.058e+00          -1.554e+01              73.407           6.028e+00              86.860           3.429e+01     
   6.000         180.000            6.551e+00          -1.463e+01              72.232           6.518e+00              87.348           3.288e+01     
   5.000         180.000            6.965e+00          -1.390e+01              70.414           6.929e+00              87.724           3.142e+01     
   4.000         180.000            7.303e+00          -1.332e+01              68.066           7.265e+00              88.008           2.999e+01     
   3.000         180.000            7.568e+00          -1.286e+01              65.245           7.529e+00              88.213           2.863e+01     
   2.000         180.000            7.764e+00          -1.249e+01              61.976           7.723e+00              88.349           2.732e+01     
   1.000         180.000            7.891e+00          -1.219e+01              58.267           7.848e+00              88.423           2.608e+01     
