Theta [deg.]  Phi   [deg.]  Abs(Gain)[dBi   ]   Abs(Theta)[dBi   ]  Phase(Theta)[deg.]  Abs(Phi  )[dBi   ]  Phase(Phi  )[deg.]  Ax.Ratio[dB    ]    

   0.000           0.000            6.389e+00          -6.177e+00              97.706           6.142e+00             274.805           3.873e+01     
   1.000           0.000            6.276e+00          -6.044e+00              99.633           6.014e+00             274.588           3.370e+01     
   2.000           0.000            6.091e+00          -6.030e+00             101.436           5.816e+00             274.268           3.047e+01     
   3.000           0.000            5.832e+00          -6.139e+00             103.178           5.547e+00             273.835           2.803e+01     
   4.000           0.000            5.498e+00          -6.374e+00             104.917           5.207e+00             273.275           2.604e+01     
   5.000           0.000            5.085e+00          -6.744e+00             106.710           4.791e+00             272.568           2.433e+01     
   6.000           0.000            4.589e+00          -7.262e+00             108.628           4.296e+00             271.687           2.281e+01     
   7.000           0.000            4.004e+00          -7.949e+00             110.759           3.718e+00             270.593           2.143e+01     
   8.000           0.000            3.323e+00          -8.834e+00             113.236           3.050e+00             269.235           2.016e+01     
   9.000           0.000            2.538e+00          -9.962e+00             116.273           2.287e+00             267.543           1.901e+01     
  10.000           0.000            1.641e+00          -1.140e+01             120.257           1.419e+00             265.413           1.799e+01     
  11.000           0.000            6.206e-01          -1.326e+01             125.970           4.390e-01             262.702           1.717e+01     
  12.000           0.000           -5.272e-01          -1.567e+01             135.224          -6.620e-01             259.196           1.673e+01     
  13.000           0.000           -1.797e+00          -1.872e+01             152.740          -1.886e+00             254.586           1.703e+01     
  14.000           0.000           -3.153e+00          -2.121e+01             187.825          -3.221e+00             248.419           1.922e+01     
  15.000           0.000           -4.488e+00          -1.978e+01             229.553          -4.619e+00             240.081           3.018e+01     
  16.000           0.000           -5.579e+00          -1.640e+01             253.091          -5.954e+00             228.905           1.884e+01     
  17.000           0.000           -6.109e+00          -1.347e+01             264.912          -6.990e+00             214.670           9.629e+00     
  18.000           0.000           -5.904e+00          -1.115e+01             271.862          -7.443e+00             198.463           4.547e+00     
  19.000           0.000           -5.123e+00          -9.299e+00             276.576          -7.215e+00             182.738           2.165e+00     
  20.000           0.000           -4.080e+00          -7.779e+00             280.131          -6.497e+00             169.596           3.441e+00     
  21.000           0.000           -3.008e+00          -6.511e+00             283.027          -5.576e+00             159.578           5.477e+00     
  22.000           0.000           -2.014e+00          -5.437e+00             285.526          -4.648e+00             152.214           7.351e+00     
  23.000           0.000           -1.138e+00          -4.521e+00             287.778          -3.806e+00             146.831           9.042e+00     
  24.000           0.000           -3.858e-01          -3.733e+00             289.877          -3.084e+00             142.874           1.060e+01     
  25.000           0.000            2.501e-01          -3.053e+00             291.883          -2.486e+00             139.948           1.206e+01     
  26.000           0.000            7.794e-01          -2.465e+00             293.838          -2.008e+00             137.789           1.348e+01     
  27.000           0.000            1.213e+00          -1.959e+00             295.772          -1.642e+00             136.218           1.488e+01     
  28.000           0.000            1.560e+00          -1.522e+00             297.708          -1.380e+00             135.116           1.630e+01     
  29.000           0.000            1.830e+00          -1.147e+00             299.662          -1.214e+00             134.405           1.776e+01     
  30.000           0.000            2.031e+00          -8.274e-01             301.650          -1.137e+00             134.034           1.930e+01     
  31.000           0.000            2.169e+00          -5.566e-01             303.681          -1.146e+00             133.974           2.093e+01     
  32.000           0.000            2.251e+00          -3.294e-01             305.764          -1.235e+00             134.213           2.268e+01     
  33.000           0.000            2.284e+00          -1.408e-01             307.902          -1.403e+00             134.750           2.455e+01     
  34.000           0.000            2.273e+00           1.327e-02             310.107          -1.645e+00             135.603           2.653e+01     
  35.000           0.000            2.224e+00           1.372e-01             312.379          -1.960e+00             136.799           2.852e+01     
  36.000           0.000            2.144e+00           2.350e-01             314.717          -2.345e+00             138.379           3.028e+01     
  37.000           0.000            2.039e+00           3.101e-01             317.122          -2.797e+00             140.404           3.141e+01     
  38.000           0.000            1.915e+00           3.661e-01             319.592          -3.312e+00             142.948           3.142e+01     
  39.000           0.000            1.781e+00           4.062e-01             322.122          -3.883e+00             146.111           3.018e+01     
  40.000           0.000            1.644e+00           4.334e-01             324.705          -4.495e+00             150.008           2.802e+01     
  41.000           0.000            1.511e+00           4.505e-01             327.334          -5.130e+00             154.766           2.544e+01     
  42.000           0.000            1.391e+00           4.600e-01             329.999          -5.757e+00             160.504           2.282e+01     
  43.000           0.000            1.289e+00           4.641e-01             332.688          -6.331e+00             167.293           2.033e+01     
  44.000           0.000            1.213e+00           4.647e-01             335.389          -6.796e+00             175.090           1.807e+01     
  45.000           0.000            1.165e+00           4.631e-01             338.087          -7.093e+00             183.677           1.604e+01     
  46.000           0.000            1.150e+00           4.605e-01             340.769          -7.181e+00             192.641           1.425e+01     
  47.000           0.000            1.168e+00           4.576e-01             343.419          -7.048e+00             201.466           1.267e+01     
  48.000           0.000            1.216e+00           4.547e-01             346.024          -6.723e+00             209.674           1.130e+01     
  49.000           0.000            1.292e+00           4.518e-01             348.570          -6.257e+00             216.959           1.011e+01     
  50.000           0.000            1.391e+00           4.485e-01             351.044          -5.707e+00             223.206           9.078e+00     
  51.000           0.000            1.509e+00           4.442e-01             353.435          -5.120e+00             228.446           8.200e+00     
  52.000           0.000            1.639e+00           4.382e-01             355.732          -4.532e+00             232.786           7.460e+00     
  53.000           0.000            1.777e+00           4.295e-01             357.929          -3.963e+00             236.357           6.846e+00     
  54.000           0.000            1.917e+00           4.171e-01               0.017          -3.428e+00             239.285           6.349e+00     
  55.000           0.000            2.056e+00           3.997e-01               1.993          -2.932e+00             241.685           5.957e+00     
  56.000           0.000            2.190e+00           3.765e-01               3.849          -2.479e+00             243.645           5.663e+00     
  57.000           0.000            2.315e+00           3.463e-01               5.585          -2.068e+00             245.244           5.455e+00     
  58.000           0.000            2.430e+00           3.082e-01               7.198          -1.699e+00             246.544           5.321e+00     
  59.000           0.000            2.532e+00           2.611e-01               8.687          -1.369e+00             247.593           5.252e+00     
  60.000           0.000            2.621e+00           2.041e-01              10.053          -1.077e+00             248.430           5.235e+00     
  61.000           0.000            2.695e+00           1.366e-01              11.294          -8.198e-01             249.087           5.260e+00     
  62.000           0.000            2.754e+00           5.784e-02              12.412          -5.954e-01             249.590           5.318e+00     
  63.000           0.000            2.797e+00          -3.278e-02              13.405          -4.014e-01             249.960           5.400e+00     
  64.000           0.000            2.825e+00          -1.358e-01              14.276          -2.358e-01             250.214           5.499e+00     
  65.000           0.000            2.837e+00          -2.515e-01              15.024          -9.660e-02             250.366           5.610e+00     
  66.000           0.000            2.834e+00          -3.804e-01              15.648           1.812e-02             250.429           5.727e+00     
  67.000           0.000            2.816e+00          -5.226e-01              16.148           1.101e-01             250.412           5.847e+00     
  68.000           0.000            2.783e+00          -6.784e-01              16.524           1.809e-01             250.323           5.966e+00     
  69.000           0.000            2.736e+00          -8.479e-01              16.773           2.320e-01             250.171           6.081e+00     
  70.000           0.000            2.675e+00          -1.031e+00              16.893           2.648e-01             249.961           6.191e+00     
  71.000           0.000            2.602e+00          -1.228e+00              16.882           2.805e-01             249.700           6.293e+00     
  72.000           0.000            2.516e+00          -1.439e+00              16.736           2.803e-01             249.390           6.385e+00     
  73.000           0.000            2.418e+00          -1.663e+00              16.451           2.653e-01             249.038           6.466e+00     
  74.000           0.000            2.309e+00          -1.900e+00              16.020           2.364e-01             248.647           6.535e+00     
  75.000           0.000            2.189e+00          -2.150e+00              15.439           1.945e-01             248.219           6.589e+00     
  76.000           0.000            2.059e+00          -2.413e+00              14.699           1.404e-01             247.759           6.628e+00     
  77.000           0.000            1.920e+00          -2.686e+00              13.792           7.490e-02             247.268           6.651e+00     
  78.000           0.000            1.773e+00          -2.971e+00              12.710          -1.431e-03             246.750           6.657e+00     
  79.000           0.000            1.618e+00          -3.265e+00              11.442          -8.800e-02             246.207           6.644e+00     
  80.000           0.000            1.456e+00          -3.568e+00               9.976          -1.843e-01             245.641           6.613e+00     
  81.000           0.000            1.287e+00          -3.876e+00               8.302          -2.899e-01             245.053           6.561e+00     
  82.000           0.000            1.113e+00          -4.189e+00               6.409          -4.045e-01             244.447           6.490e+00     
  83.000           0.000            9.349e-01          -4.502e+00               4.284          -5.277e-01             243.822           6.398e+00     
  84.000           0.000            7.525e-01          -4.814e+00               1.917          -6.594e-01             243.182           6.285e+00     
  85.000           0.000            5.670e-01          -5.120e+00             359.301          -7.994e-01             242.526           6.153e+00     
  86.000           0.000            3.795e-01          -5.416e+00             356.430          -9.476e-01             241.857           6.001e+00     
  87.000           0.000            1.908e-01          -5.696e+00             353.305          -1.104e+00             241.176           5.831e+00     
  88.000           0.000            1.859e-03          -5.956e+00             349.931          -1.269e+00             240.483           5.644e+00     
  89.000           0.000           -1.864e-01          -6.189e+00             346.322          -1.442e+00             239.778           5.443e+00     
  90.000           0.000           -3.731e-01          -6.389e+00             342.501          -1.624e+00             239.063           5.230e+00     
  91.000           0.000           -5.573e-01          -6.553e+00             338.499          -1.815e+00             238.338           5.008e+00     
  92.000           0.000           -7.380e-01          -6.676e+00             334.355          -2.015e+00             237.603           4.783e+00     
  93.000           0.000           -9.144e-01          -6.755e+00             330.116          -2.225e+00             236.857           4.559e+00     
  94.000           0.000           -1.086e+00          -6.789e+00             325.833          -2.446e+00             236.099           4.343e+00     
  95.000           0.000           -1.251e+00          -6.779e+00             321.557          -2.678e+00             235.330           4.144e+00     
  96.000           0.000           -1.410e+00          -6.728e+00             317.336          -2.922e+00             234.547           3.971e+00     
  97.000           0.000           -1.562e+00          -6.639e+00             313.211          -3.178e+00             233.748           3.833e+00     
  98.000           0.000           -1.707e+00          -6.517e+00             309.217          -3.448e+00             232.932           3.742e+00     
  99.000           0.000           -1.844e+00          -6.369e+00             305.378          -3.733e+00             232.095           3.709e+00     
 100.000           0.000           -1.973e+00          -6.200e+00             301.711          -4.035e+00             231.233           3.740e+00     
 101.000           0.000           -2.096e+00          -6.017e+00             298.221          -4.353e+00             230.341           3.840e+00     
 102.000           0.000           -2.210e+00          -5.824e+00             294.909          -4.691e+00             229.414           4.008e+00     
 103.000           0.000           -2.319e+00          -5.628e+00             291.769          -5.050e+00             228.444           4.241e+00     
 104.000           0.000           -2.421e+00          -5.432e+00             288.792          -5.431e+00             227.423           4.533e+00     
 105.000           0.000           -2.519e+00          -5.241e+00             285.966          -5.838e+00             226.338           4.877e+00     
 106.000           0.000           -2.612e+00          -5.058e+00             283.274          -6.271e+00             225.178           5.266e+00     
 107.000           0.000           -2.703e+00          -4.887e+00             280.702          -6.735e+00             223.923           5.692e+00     
 108.000           0.000           -2.792e+00          -4.729e+00             278.234          -7.232e+00             222.554           6.151e+00     
 109.000           0.000           -2.881e+00          -4.586e+00             275.852          -7.764e+00             221.042           6.637e+00     
 110.000           0.000           -2.970e+00          -4.462e+00             273.541          -8.337e+00             219.354           7.145e+00     
 111.000           0.000           -3.063e+00          -4.357e+00             271.284          -8.952e+00             217.446           7.671e+00     
 112.000           0.000           -3.159e+00          -4.272e+00             269.065          -9.615e+00             215.259           8.210e+00     
 113.000           0.000           -3.260e+00          -4.210e+00             266.866          -1.033e+01             212.721           8.757e+00     
 114.000           0.000           -3.368e+00          -4.171e+00             264.673          -1.109e+01             209.732           9.304e+00     
 115.000           0.000           -3.483e+00          -4.156e+00             262.466          -1.191e+01             206.165           9.843e+00     
 116.000           0.000           -3.607e+00          -4.167e+00             260.229          -1.278e+01             201.855           1.036e+01     
 117.000           0.000           -3.739e+00          -4.203e+00             257.943          -1.368e+01             196.594           1.085e+01     
 118.000           0.000           -3.881e+00          -4.267e+00             255.588          -1.459e+01             190.144           1.130e+01     
 119.000           0.000           -4.033e+00          -4.358e+00             253.141          -1.545e+01             182.277           1.167e+01     
 120.000           0.000           -4.193e+00          -4.476e+00             250.580          -1.619e+01             172.886           1.194e+01     
 121.000           0.000           -4.362e+00          -4.623e+00             247.877          -1.670e+01             162.155           1.210e+01     
 122.000           0.000           -4.537e+00          -4.798e+00             245.005          -1.689e+01             150.692           1.212e+01     
 123.000           0.000           -4.717e+00          -4.999e+00             241.930          -1.673e+01             139.416           1.197e+01     
 124.000           0.000           -4.898e+00          -5.226e+00             238.616          -1.628e+01             129.180           1.164e+01     
 125.000           0.000           -5.076e+00          -5.476e+00             235.026          -1.563e+01             120.453           1.113e+01     
 126.000           0.000           -5.246e+00          -5.744e+00             231.117          -1.489e+01             113.310           1.046e+01     
 127.000           0.000           -5.401e+00          -6.025e+00             226.850          -1.413e+01             107.585           9.649e+00     
 128.000           0.000           -5.536e+00          -6.311e+00             222.183          -1.340e+01             103.041           8.723e+00     
 129.000           0.000           -5.643e+00          -6.591e+00             217.088          -1.272e+01              99.449           7.719e+00     
 130.000           0.000           -5.716e+00          -6.852e+00             211.546          -1.210e+01              96.615           6.674e+00     
 131.000           0.000           -5.749e+00          -7.078e+00             205.567          -1.154e+01              94.390           5.624e+00     
 132.000           0.000           -5.738e+00          -7.253e+00             199.190          -1.105e+01              92.657           4.611e+00     
 133.000           0.000           -5.681e+00          -7.361e+00             192.495          -1.062e+01              91.329           3.695e+00     
 134.000           0.000           -5.581e+00          -7.392e+00             185.597          -1.025e+01              90.339           2.975e+00     
 135.000           0.000           -5.439e+00          -7.337e+00             178.641          -9.949e+00              89.638           2.616e+00     
 136.000           0.000           -5.264e+00          -7.201e+00             171.778          -9.702e+00              89.189           2.750e+00     
 137.000           0.000           -5.061e+00          -6.991e+00             165.144          -9.512e+00              88.964           3.310e+00     
 138.000           0.000           -4.840e+00          -6.722e+00             158.848          -9.378e+00              88.942           4.127e+00     
 139.000           0.000           -4.609e+00          -6.412e+00             152.957          -9.299e+00              89.108           5.083e+00     
 140.000           0.000           -4.378e+00          -6.078e+00             147.501          -9.275e+00              89.453           6.127e+00     
 141.000           0.000           -4.154e+00          -5.737e+00             142.481          -9.305e+00              89.971           7.242e+00     
 142.000           0.000           -3.944e+00          -5.403e+00             137.874          -9.390e+00              90.661           8.427e+00     
 143.000           0.000           -3.754e+00          -5.088e+00             133.643          -9.531e+00              91.525           9.695e+00     
 144.000           0.000           -3.590e+00          -4.801e+00             129.748          -9.729e+00              92.569           1.107e+01     
 145.000           0.000           -3.457e+00          -4.549e+00             126.143          -9.987e+00              93.804           1.259e+01     
 146.000           0.000           -3.359e+00          -4.339e+00             122.783          -1.031e+01              95.245           1.431e+01     
 147.000           0.000           -3.299e+00          -4.174e+00             119.626          -1.069e+01              96.915           1.633e+01     
 148.000           0.000           -3.282e+00          -4.058e+00             116.628          -1.114e+01              98.848           1.883e+01     
 149.000           0.000           -3.311e+00          -3.995e+00             113.754          -1.167e+01             101.075           2.217e+01     
 150.000           0.000           -3.388e+00          -3.988e+00             110.963          -1.228e+01             103.659           2.739e+01     
 151.000           0.000           -3.517e+00          -4.039e+00             108.219          -1.297e+01             106.676           4.000e+01     
 152.000           0.000           -3.701e+00          -4.152e+00             105.480          -1.376e+01             110.237           3.213e+01     
 153.000           0.000           -3.944e+00          -4.330e+00             102.704          -1.465e+01             114.497           2.485e+01     
 154.000           0.000           -4.248e+00          -4.575e+00              99.844          -1.564e+01             119.680           2.104e+01     
 155.000           0.000           -4.617e+00          -4.892e+00              96.843          -1.674e+01             126.110           1.849e+01     
 156.000           0.000           -5.054e+00          -5.285e+00              93.635          -1.792e+01             134.243           1.664e+01     
 157.000           0.000           -5.561e+00          -5.756e+00              90.136          -1.913e+01             144.660           1.529e+01     
 158.000           0.000           -6.137e+00          -6.310e+00              86.240          -2.021e+01             157.900           1.439e+01     
 159.000           0.000           -6.777e+00          -6.947e+00              81.809          -2.094e+01             173.935           1.400e+01     
 160.000           0.000           -7.472e+00          -7.665e+00              76.663          -2.109e+01             191.466           1.434e+01     
 161.000           0.000           -8.195e+00          -8.452e+00              70.574          -2.061e+01             208.221           1.588e+01     
 162.000           0.000           -8.905e+00          -9.283e+00              63.266          -1.970e+01             222.518           2.010e+01     
 163.000           0.000           -9.533e+00          -1.011e+01              54.452          -1.861e+01             234.021           4.000e+01     
 164.000           0.000           -9.989e+00          -1.084e+01              43.948          -1.751e+01             243.178           1.787e+01     
 165.000           0.000           -1.019e+01          -1.135e+01              31.881          -1.648e+01             250.581           1.084e+01     
 166.000           0.000           -1.009e+01          -1.154e+01              18.870          -1.554e+01             256.721           6.656e+00     
 167.000           0.000           -9.713e+00          -1.137e+01               5.975          -1.470e+01             261.950           3.995e+00     
 168.000           0.000           -9.146e+00          -1.088e+01             354.207          -1.396e+01             266.508           3.101e+00     
 169.000           0.000           -8.480e+00          -1.021e+01             344.110          -1.331e+01             270.561           4.038e+00     
 170.000           0.000           -7.791e+00          -9.462e+00             335.742          -1.275e+01             274.220           5.661e+00     
 171.000           0.000           -7.130e+00          -8.723e+00             328.892          -1.226e+01             277.562           7.426e+00     
 172.000           0.000           -6.526e+00          -8.041e+00             323.270          -1.184e+01             280.639           9.229e+00     
 173.000           0.000           -5.997e+00          -7.441e+00             318.608          -1.148e+01             283.488           1.108e+01     
 174.000           0.000           -5.550e+00          -6.934e+00             314.689          -1.119e+01             286.132           1.301e+01     
 175.000           0.000           -5.188e+00          -6.523e+00             311.342          -1.096e+01             288.586           1.509e+01     
 176.000           0.000           -4.913e+00          -6.212e+00             308.437          -1.079e+01             290.860           1.742e+01     
 177.000           0.000           -4.726e+00          -5.998e+00             305.875          -1.068e+01             292.956           2.015e+01     
 178.000           0.000           -4.628e+00          -5.883e+00             303.577          -1.063e+01             294.873           2.362e+01     
 179.000           0.000           -4.619e+00          -5.867e+00             301.481          -1.064e+01             296.605           2.867e+01     
 180.000           0.000           -4.702e+00          -5.953e+00             299.533          -1.072e+01             298.145           3.958e+01     
 179.000         180.000           -4.882e+00          -6.143e+00             117.683          -1.087e+01             119.473           3.735e+01     
 178.000         180.000           -5.162e+00          -6.444e+00             115.888          -1.109e+01             120.569           2.896e+01     
 177.000         180.000           -5.551e+00          -6.865e+00             114.099          -1.138e+01             121.402           2.504e+01     
 176.000         180.000           -6.058e+00          -7.416e+00             112.260          -1.177e+01             121.926           2.252e+01     
 175.000         180.000           -6.697e+00          -8.115e+00             110.296          -1.225e+01             122.079           2.069e+01     
 174.000         180.000           -7.488e+00          -8.987e+00             108.103          -1.283e+01             121.771           1.928e+01     
 173.000         180.000           -8.455e+00          -1.007e+01             105.519          -1.354e+01             120.864           1.811e+01     
 172.000         180.000           -9.633e+00          -1.140e+01             102.265          -1.438e+01             119.153           1.709e+01     
 171.000         180.000           -1.107e+01          -1.308e+01              97.820          -1.538e+01             116.319           1.608e+01     
 170.000         180.000           -1.280e+01          -1.519e+01              91.091          -1.653e+01             111.854           1.485e+01     
 169.000         180.000           -1.483e+01          -1.787e+01              79.496          -1.781e+01             104.972           1.292e+01     
 168.000         180.000           -1.689e+01          -2.086e+01              56.881          -1.911e+01              94.585           9.555e+00     
 167.000         180.000           -1.797e+01          -2.204e+01              18.448          -2.013e+01              79.793           4.954e+00     
 166.000         180.000           -1.705e+01          -1.973e+01             345.361          -2.042e+01              61.545           2.225e+00     
 165.000         180.000           -1.497e+01          -1.674e+01             328.163          -1.972e+01              43.623           3.743e+00     
 164.000         180.000           -1.283e+01          -1.427e+01             319.192          -1.835e+01              29.439           5.164e+00     
 163.000         180.000           -1.098e+01          -1.231e+01             313.939          -1.677e+01              19.483           5.984e+00     
 162.000         180.000           -9.429e+00          -1.075e+01             310.569          -1.525e+01              12.733           6.423e+00     
 161.000         180.000           -8.130e+00          -9.480e+00             308.275          -1.386e+01               8.143           6.638e+00     
 160.000         180.000           -7.039e+00          -8.441e+00             306.661          -1.263e+01               4.980           6.719e+00     
 159.000         180.000           -6.118e+00          -7.586e+00             305.512          -1.154e+01               2.775           6.718e+00     
 158.000         180.000           -5.340e+00          -6.881e+00             304.704          -1.059e+01               1.234           6.669e+00     
 157.000         180.000           -4.682e+00          -6.305e+00             304.163          -9.744e+00               0.163           6.591e+00     
 156.000         180.000           -4.129e+00          -5.839e+00             303.842          -9.003e+00             359.437           6.500e+00     
 155.000         180.000           -3.668e+00          -5.472e+00             303.710          -8.352e+00             358.970           6.405e+00     
 154.000         180.000           -3.288e+00          -5.194e+00             303.751          -7.781e+00             358.702           6.315e+00     
 153.000         180.000           -2.980e+00          -4.996e+00             303.955          -7.283e+00             358.591           6.236e+00     
 152.000         180.000           -2.740e+00          -4.873e+00             304.317          -6.850e+00             358.608           6.175e+00     
 151.000         180.000           -2.559e+00          -4.819e+00             304.839          -6.477e+00             358.731           6.139e+00     
 150.000         180.000           -2.434e+00          -4.831e+00             305.527          -6.159e+00             358.944           6.134e+00     
 149.000         180.000           -2.361e+00          -4.906e+00             306.390          -5.893e+00             359.236           6.167e+00     
 148.000         180.000           -2.335e+00          -5.039e+00             307.441          -5.675e+00             359.601           6.244e+00     
 147.000         180.000           -2.353e+00          -5.229e+00             308.700          -5.502e+00               0.030           6.373e+00     
 146.000         180.000           -2.411e+00          -5.473e+00             310.185          -5.371e+00               0.525           6.560e+00     
 145.000         180.000           -2.507e+00          -5.768e+00             311.926          -5.281e+00               1.082           6.816e+00     
 144.000         180.000           -2.637e+00          -6.112e+00             313.955          -5.229e+00               1.701           7.147e+00     
 143.000         180.000           -2.798e+00          -6.500e+00             316.309          -5.212e+00               2.384           7.563e+00     
 142.000         180.000           -2.986e+00          -6.928e+00             319.031          -5.231e+00               3.133           8.077e+00     
 141.000         180.000           -3.198e+00          -7.388e+00             322.168          -5.282e+00               3.952           8.701e+00     
 140.000         180.000           -3.430e+00          -7.873e+00             325.769          -5.364e+00               4.845           9.453e+00     
 139.000         180.000           -3.676e+00          -8.371e+00             329.880          -5.476e+00               5.817           1.036e+01     
 138.000         180.000           -3.934e+00          -8.866e+00             334.538          -5.617e+00               6.876           1.145e+01     
 137.000         180.000           -4.197e+00          -9.339e+00             339.759          -5.784e+00               8.027           1.277e+01     
 136.000         180.000           -4.461e+00          -9.769e+00             345.523          -5.977e+00               9.279           1.441e+01     
 135.000         180.000           -4.721e+00          -1.013e+01             351.765          -6.193e+00              10.641           1.649e+01     
 134.000         180.000           -4.970e+00          -1.041e+01             358.364          -6.431e+00              12.121           1.928e+01     
 133.000         180.000           -5.206e+00          -1.059e+01               5.154          -6.690e+00              13.731           2.336e+01     
 132.000         180.000           -5.423e+00          -1.067e+01              11.939          -6.966e+00              15.479           3.097e+01     
 131.000         180.000           -5.619e+00          -1.064e+01              18.533          -7.258e+00              17.377           4.000e+01     
 130.000         180.000           -5.790e+00          -1.054e+01              24.781          -7.562e+00              19.435           2.712e+01     
 129.000         180.000           -5.937e+00          -1.037e+01              30.582          -7.876e+00              21.663           2.252e+01     
 128.000         180.000           -6.059e+00          -1.016e+01              35.887          -8.197e+00              24.069           1.993e+01     
 127.000         180.000           -6.158e+00          -9.931e+00              40.692          -8.519e+00              26.660           1.832e+01     
 126.000         180.000           -6.236e+00          -9.695e+00              45.022          -8.839e+00              29.439           1.732e+01     
 125.000         180.000           -6.296e+00          -9.465e+00              48.924          -9.153e+00              32.404           1.677e+01     
 124.000         180.000           -6.342e+00          -9.252e+00              52.443          -9.455e+00              35.552           1.657e+01     
 123.000         180.000           -6.378e+00          -9.063e+00              55.636          -9.740e+00              38.870           1.666e+01     
 122.000         180.000           -6.406e+00          -8.900e+00              58.553          -1.000e+01              42.341           1.700e+01     
 121.000         180.000           -6.431e+00          -8.767e+00              61.242          -1.024e+01              45.940           1.757e+01     
 120.000         180.000           -6.456e+00          -8.665e+00              63.745          -1.045e+01              49.636           1.834e+01     
 119.000         180.000           -6.482e+00          -8.595e+00              66.101          -1.063e+01              53.395           1.931e+01     
 118.000         180.000           -6.513e+00          -8.556e+00              68.344          -1.077e+01              57.177           2.048e+01     
 117.000         180.000           -6.549e+00          -8.550e+00              70.505          -1.088e+01              60.944           2.186e+01     
 116.000         180.000           -6.593e+00          -8.574e+00              72.615          -1.095e+01              64.657           2.348e+01     
 115.000         180.000           -6.644e+00          -8.629e+00              74.699          -1.100e+01              68.283           2.535e+01     
 114.000         180.000           -6.704e+00          -8.713e+00              76.784          -1.102e+01              71.794           2.752e+01     
 113.000         180.000           -6.773e+00          -8.825e+00              78.895          -1.102e+01              75.166           3.002e+01     
 112.000         180.000           -6.851e+00          -8.963e+00              81.058          -1.099e+01              78.385           3.288e+01     
 111.000         180.000           -6.937e+00          -9.127e+00              83.297          -1.096e+01              81.443           3.601e+01     
 110.000         180.000           -7.030e+00          -9.315e+00              85.638          -1.091e+01              84.335           3.903e+01     
 109.000         180.000           -7.131e+00          -9.524e+00              88.109          -1.086e+01              87.065           4.000e+01     
 108.000         180.000           -7.238e+00          -9.751e+00              90.736          -1.081e+01              89.637           4.000e+01     
 107.000         180.000           -7.350e+00          -9.994e+00              93.550          -1.076e+01              92.061           3.776e+01     
 106.000         180.000           -7.464e+00          -1.025e+01              96.577          -1.071e+01              94.347           3.423e+01     
 105.000         180.000           -7.581e+00          -1.051e+01              99.846          -1.067e+01              96.508           3.071e+01     
 104.000         180.000           -7.697e+00          -1.077e+01             103.384          -1.065e+01              98.558           2.751e+01     
 103.000         180.000           -7.811e+00          -1.102e+01             107.210          -1.063e+01             100.510           2.466e+01     
 102.000         180.000           -7.920e+00          -1.126e+01             111.339          -1.063e+01             102.378           2.214e+01     
 101.000         180.000           -8.023e+00          -1.147e+01             115.770          -1.064e+01             104.178           1.991e+01     
 100.000         180.000           -8.116e+00          -1.164e+01             120.489          -1.067e+01             105.924           1.793e+01     
  99.000         180.000           -8.197e+00          -1.176e+01             125.460          -1.072e+01             107.632           1.616e+01     
  98.000         180.000           -8.264e+00          -1.182e+01             130.628          -1.079e+01             109.317           1.458e+01     
  97.000         180.000           -8.314e+00          -1.182e+01             135.916          -1.088e+01             110.998           1.317e+01     
  96.000         180.000           -8.344e+00          -1.174e+01             141.234          -1.100e+01             112.693           1.193e+01     
  95.000         180.000           -8.352e+00          -1.159e+01             146.486          -1.115e+01             114.422           1.084e+01     
  94.000         180.000           -8.336e+00          -1.137e+01             151.582          -1.132e+01             116.209           9.928e+00     
  93.000         180.000           -8.295e+00          -1.109e+01             156.443          -1.153e+01             118.082           9.187e+00     
  92.000         180.000           -8.226e+00          -1.075e+01             161.011          -1.178e+01             120.072           8.639e+00     
  91.000         180.000           -8.130e+00          -1.038e+01             165.248          -1.206e+01             122.221           8.306e+00     
  90.000         180.000           -8.005e+00          -9.972e+00             169.136          -1.239e+01             124.577           8.209e+00     
  89.000         180.000           -7.851e+00          -9.543e+00             172.674          -1.276e+01             127.206           8.363e+00     
  88.000         180.000           -7.670e+00          -9.100e+00             175.870          -1.319e+01             130.189           8.777e+00     
  87.000         180.000           -7.461e+00          -8.650e+00             178.744          -1.367e+01             133.635           9.458e+00     
  86.000         180.000           -7.226e+00          -8.199e+00             181.316          -1.420e+01             137.688           1.042e+01     
  85.000         180.000           -6.966e+00          -7.750e+00             183.610          -1.479e+01             142.538           1.168e+01     
  84.000         180.000           -6.683e+00          -7.308e+00             185.651          -1.541e+01             148.428           1.332e+01     
  83.000         180.000           -6.378e+00          -6.875e+00             187.460          -1.604e+01             155.648           1.548e+01     
  82.000         180.000           -6.053e+00          -6.452e+00             189.059          -1.661e+01             164.487           1.846e+01     
  81.000         180.000           -5.709e+00          -6.041e+00             190.467          -1.704e+01             175.093           2.315e+01     
  80.000         180.000           -5.349e+00          -5.643e+00             191.702          -1.719e+01             187.238           3.431e+01     
  79.000         180.000           -4.974e+00          -5.259e+00             192.778          -1.695e+01             200.140           3.010e+01     
  78.000         180.000           -4.585e+00          -4.888e+00             193.709          -1.631e+01             212.659           2.173e+01     
  77.000         180.000           -4.184e+00          -4.531e+00             194.506          -1.534e+01             223.832           1.755e+01     
  76.000         180.000           -3.773e+00          -4.188e+00             195.179          -1.418e+01             233.235           1.474e+01     
  75.000         180.000           -3.352e+00          -3.859e+00             195.737          -1.293e+01             240.908           1.261e+01     
  74.000         180.000           -2.923e+00          -3.544e+00             196.186          -1.168e+01             247.110           1.090e+01     
  73.000         180.000           -2.488e+00          -3.243e+00             196.533          -1.046e+01             252.139           9.465e+00     
  72.000         180.000           -2.047e+00          -2.956e+00             196.782          -9.288e+00             256.256           8.228e+00     
  71.000         180.000           -1.603e+00          -2.683e+00             196.938          -8.173e+00             259.667           7.140e+00     
  70.000         180.000           -1.155e+00          -2.424e+00             197.005          -7.116e+00             262.532           6.168e+00     
  69.000         180.000           -7.050e-01          -2.179e+00             196.983          -6.115e+00             264.967           5.291e+00     
  68.000         180.000           -2.545e-01          -1.947e+00             196.876          -5.166e+00             267.062           4.493e+00     
  67.000         180.000            1.955e-01          -1.729e+00             196.685          -4.267e+00             268.883           3.766e+00     
  66.000         180.000            6.439e-01          -1.524e+00             196.410          -3.413e+00             270.482           3.106e+00     
  65.000         180.000            1.090e+00          -1.332e+00             196.051          -2.601e+00             271.899           2.518e+00     
  64.000         180.000            1.532e+00          -1.154e+00             195.608          -1.829e+00             273.165           2.020e+00     
  63.000         180.000            1.969e+00          -9.885e-01             195.082          -1.095e+00             274.303           1.647e+00     
  62.000         180.000            2.401e+00          -8.358e-01             194.470          -3.949e-01             275.334           1.460e+00     
  61.000         180.000            2.825e+00          -6.958e-01             193.772           2.717e-01             276.274           1.497e+00     
  60.000         180.000            3.242e+00          -5.679e-01             192.986           9.065e-01             277.136           1.724e+00     
  59.000         180.000            3.650e+00          -4.520e-01             192.111           1.511e+00             277.929           2.065e+00     
  58.000         180.000            4.048e+00          -3.476e-01             191.146           2.086e+00             278.664           2.463e+00     
  57.000         180.000            4.435e+00          -2.541e-01             190.089           2.632e+00             279.348           2.889e+00     
  56.000         180.000            4.810e+00          -1.712e-01             188.939           3.151e+00             279.987           3.326e+00     
  55.000         180.000            5.173e+00          -9.809e-02             187.695           3.642e+00             280.586           3.767e+00     
  54.000         180.000            5.522e+00          -3.412e-02             186.352           4.106e+00             281.152           4.208e+00     
  53.000         180.000            5.856e+00           2.148e-02             184.918           4.543e+00             281.686           4.647e+00     
  52.000         180.000            6.175e+00           6.960e-02             183.391           4.954e+00             282.194           5.083e+00     
  51.000         180.000            6.477e+00           1.111e-01             181.771           5.337e+00             282.678           5.514e+00     
  50.000         180.000            6.762e+00           1.470e-01             180.063           5.694e+00             283.142           5.941e+00     
  49.000         180.000            7.029e+00           1.782e-01             178.269           6.024e+00             283.588           6.364e+00     
  48.000         180.000            7.276e+00           2.057e-01             176.396           6.326e+00             284.019           6.783e+00     
  47.000         180.000            7.502e+00           2.304e-01             174.451           6.601e+00             284.438           7.197e+00     
  46.000         180.000            7.707e+00           2.530e-01             172.442           6.847e+00             284.845           7.607e+00     
  45.000         180.000            7.890e+00           2.741e-01             170.379           7.064e+00             285.245           8.012e+00     
  44.000         180.000            8.049e+00           2.943e-01             168.274           7.252e+00             285.639           8.413e+00     
  43.000         180.000            8.183e+00           3.138e-01             166.139           7.408e+00             286.029           8.810e+00     
  42.000         180.000            8.291e+00           3.323e-01             163.988           7.533e+00             286.418           9.203e+00     
  41.000         180.000            8.371e+00           3.496e-01             161.836           7.625e+00             286.808           9.591e+00     
  40.000         180.000            8.422e+00           3.648e-01             159.698           7.683e+00             287.203           9.974e+00     
  39.000         180.000            8.442e+00           3.769e-01             157.588           7.705e+00             287.604           1.035e+01     
  38.000         180.000            8.430e+00           3.844e-01             155.521           7.689e+00             288.017           1.073e+01     
  37.000         180.000            8.383e+00           3.855e-01             153.512           7.634e+00             288.444           1.110e+01     
  36.000         180.000            8.300e+00           3.781e-01             151.573           7.536e+00             288.891           1.146e+01     
  35.000         180.000            8.178e+00           3.599e-01             149.716           7.394e+00             289.364           1.183e+01     
  34.000         180.000            8.014e+00           3.282e-01             147.954           7.203e+00             289.868           1.218e+01     
  33.000         180.000            7.805e+00           2.802e-01             146.295           6.960e+00             290.414           1.254e+01     
  32.000         180.000            7.548e+00           2.130e-01             144.754           6.661e+00             291.012           1.289e+01     
  31.000         180.000            7.238e+00           1.231e-01             143.331           6.300e+00             291.676           1.325e+01     
  30.000         180.000            6.871e+00           7.282e-03             142.038           5.870e+00             292.425           1.362e+01     
  29.000         180.000            6.441e+00          -1.380e-01             140.883           5.363e+00             293.283           1.400e+01     
  28.000         180.000            5.942e+00          -3.166e-01             139.873           4.769e+00             294.286           1.442e+01     
  27.000         180.000            5.365e+00          -5.324e-01             139.019           4.074e+00             295.483           1.488e+01     
  26.000         180.000            4.702e+00          -7.898e-01             138.329           3.261e+00             296.947           1.545e+01     
  25.000         180.000            3.943e+00          -1.093e+00             137.818           2.309e+00             298.786           1.620e+01     
  24.000         180.000            3.077e+00          -1.448e+00             137.502           1.187e+00             301.180           1.728e+01     
  23.000         180.000            2.092e+00          -1.860e+00             137.402          -1.444e-01             304.426           1.906e+01     
  22.000         180.000            9.840e-01          -2.335e+00             137.546          -1.738e+00             309.062           2.262e+01     
  21.000         180.000           -2.384e-01          -2.880e+00             137.974          -3.651e+00             316.125           3.588e+01     
  20.000         180.000           -1.524e+00          -3.504e+00             138.738          -5.887e+00             327.699           2.244e+01     
  19.000         180.000           -2.733e+00          -4.217e+00             139.912          -8.116e+00             347.451           1.316e+01     
  18.000         180.000           -3.587e+00          -5.028e+00             141.603          -9.079e+00              16.737           7.106e+00     
  17.000         180.000           -3.765e+00          -5.950e+00             143.963          -7.796e+00              44.760           2.324e+00     
  16.000         180.000           -3.190e+00          -6.991e+00             147.220          -5.531e+00              62.769           1.688e+00     
  15.000         180.000           -2.124e+00          -8.159e+00             151.712          -3.369e+00              73.291           5.135e+00     
  14.000         180.000           -8.897e-01          -9.439e+00             157.936          -1.543e+00              79.745           8.152e+00     
  13.000         180.000            3.204e-01          -1.078e+01             166.573          -3.049e-02              83.984           1.084e+01     
  12.000         180.000            1.425e+00          -1.204e+01             178.352           1.225e+00              86.927           1.327e+01     
  11.000         180.000            2.401e+00          -1.294e+01             193.440           2.272e+00              89.058           1.551e+01     
  10.000         180.000            3.249e+00          -1.319e+01             210.422           3.149e+00              90.647           1.762e+01     
   9.000         180.000            3.976e+00          -1.273e+01             226.505           3.882e+00              91.855           1.967e+01     
   8.000         180.000            4.593e+00          -1.181e+01             239.658           4.492e+00              92.782           2.169e+01     
   7.000         180.000            5.109e+00          -1.073e+01             249.611           4.994e+00              93.493           2.377e+01     
   6.000         180.000            5.531e+00          -9.690e+00             257.008           5.399e+00              94.034           2.600e+01     
   5.000         180.000            5.867e+00          -8.761e+00             262.579           5.715e+00              94.433           2.852e+01     
   4.000         180.000            6.122e+00          -7.971e+00             266.890           5.949e+00              94.710           3.158e+01     
   3.000         180.000            6.299e+00          -7.323e+00             270.331           6.106e+00              94.880           3.582e+01     
   2.000         180.000            6.401e+00          -6.813e+00             273.167           6.189e+00              94.950           4.000e+01     
   1.000         180.000            6.431e+00          -6.433e+00             275.583           6.200e+00              94.925           4.000e+01     
