Theta [deg.]  Phi   [deg.]  Abs(Dir.)[dBi   ]   Abs(Theta)[dBi   ]  Phase(Theta)[deg.]  Abs(Phi  )[dBi   ]  Phase(Phi  )[deg.]  Ax.Ratio[dB    ]    

   0.000           0.000            8.118e+00          -1.226e+01             321.267           8.078e+00             261.748           2.165e+01     
   1.000           0.000            8.730e+00          -1.355e+01             319.904           8.704e+00             262.468           2.375e+01     
   2.000           0.000            9.273e+00          -1.509e+01             317.686           9.257e+00             263.136           2.614e+01     
   3.000           0.000            9.754e+00          -1.697e+01             314.011           9.744e+00             263.762           2.900e+01     
   4.000           0.000            1.018e+01          -1.930e+01             307.577           1.017e+01             264.355           3.276e+01     
   5.000           0.000            1.054e+01          -2.218e+01             295.260           1.054e+01             264.922           3.865e+01     
   6.000           0.000            1.086e+01          -2.512e+01             270.104           1.086e+01             265.468           4.000e+01     
   7.000           0.000            1.112e+01          -2.555e+01             231.373           1.112e+01             265.997           4.000e+01     
   8.000           0.000            1.134e+01          -2.295e+01             202.892           1.134e+01             266.513           3.525e+01     
   9.000           0.000            1.152e+01          -2.011e+01             188.718           1.151e+01             267.020           3.180e+01     
  10.000           0.000            1.165e+01          -1.780e+01             181.363           1.164e+01             267.520           2.947e+01     
  11.000           0.000            1.174e+01          -1.598e+01             177.115           1.173e+01             268.016           2.771e+01     
  12.000           0.000            1.178e+01          -1.451e+01             174.448           1.177e+01             268.512           2.631e+01     
  13.000           0.000            1.179e+01          -1.332e+01             172.674           1.178e+01             269.009           2.515e+01     
  14.000           0.000            1.176e+01          -1.234e+01             171.441           1.174e+01             269.512           2.416e+01     
  15.000           0.000            1.168e+01          -1.152e+01             170.555           1.166e+01             270.022           2.330e+01     
  16.000           0.000            1.157e+01          -1.085e+01             169.902           1.155e+01             270.543           2.254e+01     
  17.000           0.000            1.142e+01          -1.029e+01             169.407           1.139e+01             271.079           2.186e+01     
  18.000           0.000            1.123e+01          -9.834e+00             169.020           1.120e+01             271.632           2.124e+01     
  19.000           0.000            1.100e+01          -9.471e+00             168.708           1.096e+01             272.207           2.068e+01     
  20.000           0.000            1.073e+01          -9.190e+00             168.445           1.069e+01             272.809           2.016e+01     
  21.000           0.000            1.042e+01          -8.985e+00             168.212           1.037e+01             273.443           1.968e+01     
  22.000           0.000            1.007e+01          -8.852e+00             167.992           1.002e+01             274.116           1.923e+01     
  23.000           0.000            9.680e+00          -8.785e+00             167.773           9.618e+00             274.835           1.880e+01     
  24.000           0.000            9.244e+00          -8.782e+00             167.543           9.175e+00             275.608           1.841e+01     
  25.000           0.000            8.764e+00          -8.842e+00             167.290           8.688e+00             276.447           1.804e+01     
  26.000           0.000            8.237e+00          -8.963e+00             167.004           8.153e+00             277.364           1.770e+01     
  27.000           0.000            7.661e+00          -9.145e+00             166.673           7.569e+00             278.377           1.738e+01     
  28.000           0.000            7.033e+00          -9.388e+00             166.283           6.933e+00             279.504           1.709e+01     
  29.000           0.000            6.350e+00          -9.694e+00             165.819           6.241e+00             280.772           1.683e+01     
  30.000           0.000            5.609e+00          -1.006e+01             165.265           5.490e+00             282.213           1.660e+01     
  31.000           0.000            4.805e+00          -1.050e+01             164.596           4.675e+00             283.872           1.643e+01     
  32.000           0.000            3.933e+00          -1.101e+01             163.787           3.791e+00             285.805           1.631e+01     
  33.000           0.000            2.988e+00          -1.159e+01             162.798           2.834e+00             288.089           1.629e+01     
  34.000           0.000            1.964e+00          -1.225e+01             161.584           1.796e+00             290.829           1.641e+01     
  35.000           0.000            8.565e-01          -1.301e+01             160.077           6.744e-01             294.170           1.674e+01     
  36.000           0.000           -3.367e-01          -1.386e+01             158.184          -5.340e-01             298.316           1.743e+01     
  37.000           0.000           -1.611e+00          -1.483e+01             155.770          -1.823e+00             303.545           1.877e+01     
  38.000           0.000           -2.945e+00          -1.591e+01             152.636          -3.170e+00             310.233           2.151e+01     
  39.000           0.000           -4.287e+00          -1.713e+01             148.480          -4.519e+00             318.825           2.857e+01     
  40.000           0.000           -5.531e+00          -1.849e+01             142.835          -5.756e+00             329.703           3.163e+01     
  41.000           0.000           -6.505e+00          -1.996e+01             134.998          -6.705e+00             342.822           2.019e+01     
  42.000           0.000           -7.024e+00          -2.145e+01             124.018          -7.184e+00             357.265           1.630e+01     
  43.000           0.000           -7.017e+00          -2.269e+01             109.093          -7.136e+00              11.367           1.564e+01     
  44.000           0.000           -6.585e+00          -2.329e+01              90.872          -6.679e+00              23.667           1.734e+01     
  45.000           0.000           -5.919e+00          -2.299e+01              72.442          -6.005e+00              33.618           2.114e+01     
  46.000           0.000           -5.178e+00          -2.200e+01              57.073          -5.269e+00              41.395           2.826e+01     
  47.000           0.000           -4.455e+00          -2.073e+01              45.649          -4.559e+00              47.433           4.000e+01     
  48.000           0.000           -3.794e+00          -1.946e+01              37.440          -3.914e+00              52.157           2.767e+01     
  49.000           0.000           -3.211e+00          -1.829e+01              31.480          -3.349e+00              55.906           2.284e+01     
  50.000           0.000           -2.709e+00          -1.725e+01              27.039          -2.864e+00              58.926           2.015e+01     
  51.000           0.000           -2.282e+00          -1.633e+01              23.630          -2.457e+00              61.397           1.836e+01     
  52.000           0.000           -1.926e+00          -1.554e+01              20.936          -2.120e+00              63.446           1.704e+01     
  53.000           0.000           -1.635e+00          -1.484e+01              18.749          -1.847e+00              65.167           1.601e+01     
  54.000           0.000           -1.401e+00          -1.424e+01              16.931          -1.633e+00              66.627           1.516e+01     
  55.000           0.000           -1.219e+00          -1.371e+01              15.384          -1.471e+00              67.878           1.445e+01     
  56.000           0.000           -1.084e+00          -1.325e+01              14.039          -1.356e+00              68.959           1.383e+01     
  57.000           0.000           -9.916e-01          -1.285e+01              12.847          -1.284e+00              69.898           1.327e+01     
  58.000           0.000           -9.377e-01          -1.250e+01              11.771          -1.252e+00              70.720           1.278e+01     
  59.000           0.000           -9.187e-01          -1.221e+01              10.781          -1.254e+00              71.443           1.232e+01     
  60.000           0.000           -9.315e-01          -1.195e+01               9.857          -1.289e+00              72.080           1.190e+01     
  61.000           0.000           -9.731e-01          -1.174e+01               8.980          -1.353e+00              72.645           1.150e+01     
  62.000           0.000           -1.041e+00          -1.156e+01               8.137          -1.445e+00              73.145           1.113e+01     
  63.000           0.000           -1.133e+00          -1.141e+01               7.315          -1.561e+00              73.589           1.078e+01     
  64.000           0.000           -1.247e+00          -1.129e+01               6.505          -1.699e+00              73.984           1.044e+01     
  65.000           0.000           -1.380e+00          -1.120e+01               5.699          -1.858e+00              74.334           1.011e+01     
  66.000           0.000           -1.532e+00          -1.114e+01               4.890          -2.035e+00              74.644           9.801e+00     
  67.000           0.000           -1.699e+00          -1.110e+01               4.070          -2.229e+00              74.918           9.501e+00     
  68.000           0.000           -1.882e+00          -1.108e+01               3.236          -2.439e+00              75.157           9.210e+00     
  69.000           0.000           -2.078e+00          -1.108e+01               2.381          -2.662e+00              75.366           8.929e+00     
  70.000           0.000           -2.285e+00          -1.110e+01               1.500          -2.897e+00              75.545           8.658e+00     
  71.000           0.000           -2.503e+00          -1.114e+01               0.590          -3.143e+00              75.697           8.396e+00     
  72.000           0.000           -2.731e+00          -1.119e+01             359.647          -3.399e+00              75.823           8.143e+00     
  73.000           0.000           -2.966e+00          -1.126e+01             358.666          -3.662e+00              75.923           7.899e+00     
  74.000           0.000           -3.207e+00          -1.134e+01             357.643          -3.932e+00              75.999           7.665e+00     
  75.000           0.000           -3.455e+00          -1.143e+01             356.575          -4.208e+00              76.051           7.441e+00     
  76.000           0.000           -3.706e+00          -1.154e+01             355.459          -4.488e+00              76.079           7.228e+00     
  77.000           0.000           -3.962e+00          -1.166e+01             354.291          -4.770e+00              76.084           7.026e+00     
  78.000           0.000           -4.219e+00          -1.179e+01             353.067          -5.054e+00              76.065           6.836e+00     
  79.000           0.000           -4.477e+00          -1.193e+01             351.784          -5.338e+00              76.022           6.660e+00     
  80.000           0.000           -4.736e+00          -1.208e+01             350.439          -5.621e+00              75.956           6.499e+00     
  81.000           0.000           -4.994e+00          -1.223e+01             349.027          -5.903e+00              75.864           6.353e+00     
  82.000           0.000           -5.251e+00          -1.240e+01             347.546          -6.181e+00              75.749           6.225e+00     
  83.000           0.000           -5.505e+00          -1.257e+01             345.992          -6.455e+00              75.607           6.115e+00     
  84.000           0.000           -5.755e+00          -1.275e+01             344.363          -6.724e+00              75.440           6.025e+00     
  85.000           0.000           -6.001e+00          -1.293e+01             342.653          -6.986e+00              75.246           5.957e+00     
  86.000           0.000           -6.242e+00          -1.311e+01             340.862          -7.241e+00              75.024           5.912e+00     
  87.000           0.000           -6.478e+00          -1.330e+01             338.984          -7.489e+00              74.775           5.891e+00     
  88.000           0.000           -6.706e+00          -1.350e+01             337.018          -7.727e+00              74.496           5.897e+00     
  89.000           0.000           -6.928e+00          -1.369e+01             334.961          -7.956e+00              74.189           5.929e+00     
  90.000           0.000           -7.142e+00          -1.389e+01             332.811          -8.174e+00              73.851           5.989e+00     
  91.000           0.000           -7.347e+00          -1.408e+01             330.565          -8.382e+00              73.484           6.077e+00     
  92.000           0.000           -7.544e+00          -1.428e+01             328.222          -8.580e+00              73.085           6.195e+00     
  93.000           0.000           -7.731e+00          -1.447e+01             325.782          -8.766e+00              72.655           6.341e+00     
  94.000           0.000           -7.910e+00          -1.466e+01             323.243          -8.941e+00              72.193           6.516e+00     
  95.000           0.000           -8.078e+00          -1.484e+01             320.607          -9.105e+00              71.699           6.719e+00     
  96.000           0.000           -8.236e+00          -1.502e+01             317.874          -9.258e+00              71.173           6.951e+00     
  97.000           0.000           -8.385e+00          -1.520e+01             315.047          -9.400e+00              70.614           7.211e+00     
  98.000           0.000           -8.524e+00          -1.536e+01             312.130          -9.532e+00              70.022           7.498e+00     
  99.000           0.000           -8.654e+00          -1.552e+01             309.126          -9.654e+00              69.396           7.811e+00     
 100.000           0.000           -8.775e+00          -1.567e+01             306.041          -9.767e+00              68.736           8.151e+00     
 101.000           0.000           -8.887e+00          -1.581e+01             302.881          -9.873e+00              68.041           8.516e+00     
 102.000           0.000           -8.991e+00          -1.594e+01             299.653          -9.971e+00              67.309           8.906e+00     
 103.000           0.000           -9.088e+00          -1.606e+01             296.365          -1.006e+01              66.540           9.321e+00     
 104.000           0.000           -9.179e+00          -1.617e+01             293.026          -1.015e+01              65.731           9.760e+00     
 105.000           0.000           -9.264e+00          -1.626e+01             289.645          -1.023e+01              64.881           1.022e+01     
 106.000           0.000           -9.344e+00          -1.635e+01             286.230          -1.031e+01              63.987           1.071e+01     
 107.000           0.000           -9.421e+00          -1.642e+01             282.791          -1.039e+01              63.046           1.122e+01     
 108.000           0.000           -9.496e+00          -1.649e+01             279.336          -1.046e+01              62.053           1.175e+01     
 109.000           0.000           -9.569e+00          -1.654e+01             275.873          -1.054e+01              61.005           1.231e+01     
 110.000           0.000           -9.643e+00          -1.659e+01             272.409          -1.062e+01              59.895           1.289e+01     
 111.000           0.000           -9.717e+00          -1.663e+01             268.950          -1.070e+01              58.719           1.348e+01     
 112.000           0.000           -9.794e+00          -1.667e+01             265.501          -1.079e+01              57.467           1.410e+01     
 113.000           0.000           -9.874e+00          -1.671e+01             262.063          -1.088e+01              56.132           1.474e+01     
 114.000           0.000           -9.958e+00          -1.674e+01             258.641          -1.098e+01              54.705           1.539e+01     
 115.000           0.000           -1.005e+01          -1.678e+01             255.233          -1.108e+01              53.173           1.606e+01     
 116.000           0.000           -1.014e+01          -1.681e+01             251.838          -1.120e+01              51.525           1.673e+01     
 117.000           0.000           -1.024e+01          -1.685e+01             248.453          -1.131e+01              49.745           1.740e+01     
 118.000           0.000           -1.035e+01          -1.690e+01             245.074          -1.144e+01              47.818           1.805e+01     
 119.000           0.000           -1.047e+01          -1.695e+01             241.695          -1.157e+01              45.727           1.868e+01     
 120.000           0.000           -1.059e+01          -1.701e+01             238.309          -1.171e+01              43.453           1.927e+01     
 121.000           0.000           -1.072e+01          -1.709e+01             234.905          -1.185e+01              40.975           1.979e+01     
 122.000           0.000           -1.085e+01          -1.717e+01             231.474          -1.200e+01              38.273           2.022e+01     
 123.000           0.000           -1.098e+01          -1.727e+01             228.003          -1.214e+01              35.327           2.055e+01     
 124.000           0.000           -1.111e+01          -1.739e+01             224.478          -1.227e+01              32.121           2.076e+01     
 125.000           0.000           -1.123e+01          -1.752e+01             220.883          -1.240e+01              28.640           2.085e+01     
 126.000           0.000           -1.134e+01          -1.766e+01             217.203          -1.250e+01              24.880           2.082e+01     
 127.000           0.000           -1.144e+01          -1.782e+01             213.413          -1.257e+01              20.845           2.069e+01     
 128.000           0.000           -1.151e+01          -1.800e+01             209.493          -1.261e+01              16.555           2.052e+01     
 129.000           0.000           -1.154e+01          -1.820e+01             205.420          -1.260e+01              12.044           2.035e+01     
 130.000           0.000           -1.154e+01          -1.841e+01             201.169          -1.254e+01               7.365           2.023e+01     
 131.000           0.000           -1.149e+01          -1.863e+01             196.714          -1.242e+01               2.584           2.024e+01     
 132.000           0.000           -1.139e+01          -1.886e+01             192.028          -1.224e+01             357.779           2.043e+01     
 133.000           0.000           -1.123e+01          -1.909e+01             187.087          -1.200e+01             353.033           2.087e+01     
 134.000           0.000           -1.101e+01          -1.933e+01             181.868          -1.170e+01             348.423           2.162e+01     
 135.000           0.000           -1.074e+01          -1.955e+01             176.358          -1.135e+01             344.016           2.278e+01     
 136.000           0.000           -1.042e+01          -1.977e+01             170.552          -1.096e+01             339.865           2.448e+01     
 137.000           0.000           -1.006e+01          -1.995e+01             164.460          -1.053e+01             336.003           2.699e+01     
 138.000           0.000           -9.672e+00          -2.010e+01             158.111          -1.008e+01             332.450           3.095e+01     
 139.000           0.000           -9.255e+00          -2.021e+01             151.551          -9.619e+00             329.209           3.909e+01     
 140.000           0.000           -8.822e+00          -2.027e+01             144.850          -9.145e+00             326.274           4.000e+01     
 141.000           0.000           -8.380e+00          -2.027e+01             138.090          -8.671e+00             323.630           3.248e+01     
 142.000           0.000           -7.936e+00          -2.021e+01             131.359          -8.201e+00             321.258           2.782e+01     
 143.000           0.000           -7.496e+00          -2.011e+01             124.748          -7.741e+00             319.137           2.492e+01     
 144.000           0.000           -7.064e+00          -1.996e+01             118.331          -7.293e+00             317.244           2.287e+01     
 145.000           0.000           -6.644e+00          -1.978e+01             112.169          -6.861e+00             315.557           2.131e+01     
 146.000           0.000           -6.239e+00          -1.957e+01             106.301          -6.446e+00             314.052           2.009e+01     
 147.000           0.000           -5.851e+00          -1.935e+01             100.747          -6.050e+00             312.711           1.912e+01     
 148.000           0.000           -5.483e+00          -1.914e+01              95.507          -5.674e+00             311.516           1.833e+01     
 149.000           0.000           -5.134e+00          -1.893e+01              90.571          -5.319e+00             310.446           1.769e+01     
 150.000           0.000           -4.807e+00          -1.874e+01              85.919          -4.986e+00             309.486           1.718e+01     
 151.000           0.000           -4.502e+00          -1.857e+01              81.523          -4.676e+00             308.621           1.677e+01     
 152.000           0.000           -4.219e+00          -1.844e+01              77.352          -4.387e+00             307.837           1.645e+01     
 153.000           0.000           -3.960e+00          -1.835e+01              73.374          -4.121e+00             307.122           1.621e+01     
 154.000           0.000           -3.723e+00          -1.830e+01              69.555          -3.877e+00             306.465           1.605e+01     
 155.000           0.000           -3.510e+00          -1.830e+01              65.858          -3.657e+00             305.854           1.596e+01     
 156.000           0.000           -3.320e+00          -1.835e+01              62.249          -3.459e+00             305.280           1.595e+01     
 157.000           0.000           -3.153e+00          -1.845e+01              58.687          -3.284e+00             304.732           1.600e+01     
 158.000           0.000           -3.010e+00          -1.862e+01              55.132          -3.131e+00             304.203           1.611e+01     
 159.000           0.000           -2.890e+00          -1.886e+01              51.535          -3.001e+00             303.684           1.630e+01     
 160.000           0.000           -2.793e+00          -1.916e+01              47.843          -2.894e+00             303.167           1.657e+01     
 161.000           0.000           -2.719e+00          -1.954e+01              43.987          -2.810e+00             302.644           1.691e+01     
 162.000           0.000           -2.667e+00          -2.000e+01              39.885          -2.748e+00             302.109           1.734e+01     
 163.000           0.000           -2.638e+00          -2.055e+01              35.426          -2.709e+00             301.555           1.787e+01     
 164.000           0.000           -2.631e+00          -2.120e+01              30.468          -2.692e+00             300.976           1.850e+01     
 165.000           0.000           -2.645e+00          -2.193e+01              24.811          -2.697e+00             300.365           1.928e+01     
 166.000           0.000           -2.681e+00          -2.276e+01              18.195          -2.724e+00             299.718           2.022e+01     
 167.000           0.000           -2.738e+00          -2.366e+01              10.269          -2.773e+00             299.027           2.137e+01     
 168.000           0.000           -2.815e+00          -2.458e+01               0.618          -2.844e+00             298.289           2.280e+01     
 169.000           0.000           -2.912e+00          -2.542e+01             348.869          -2.936e+00             297.499           2.465e+01     
 170.000           0.000           -3.027e+00          -2.603e+01             334.986          -3.049e+00             296.653           2.716e+01     
 171.000           0.000           -3.161e+00          -2.623e+01             319.684          -3.183e+00             295.747           3.092e+01     
 172.000           0.000           -3.313e+00          -2.594e+01             304.435          -3.336e+00             294.779           3.816e+01     
 173.000           0.000           -3.481e+00          -2.525e+01             290.699          -3.510e+00             293.746           4.000e+01     
 174.000           0.000           -3.665e+00          -2.434e+01             279.171          -3.702e+00             292.647           3.336e+01     
 175.000           0.000           -3.864e+00          -2.335e+01             269.806          -3.913e+00             291.482           2.817e+01     
 176.000           0.000           -4.078e+00          -2.238e+01             262.228          -4.142e+00             290.252           2.490e+01     
 177.000           0.000           -4.305e+00          -2.149e+01             256.023          -4.389e+00             288.960           2.252e+01     
 178.000           0.000           -4.545e+00          -2.070e+01             250.850          -4.652e+00             287.608           2.065e+01     
 179.000           0.000           -4.799e+00          -2.001e+01             246.449          -4.931e+00             286.203           1.912e+01     
 180.000           0.000           -5.065e+00          -1.942e+01             242.630          -5.227e+00             284.748           1.784e+01     
 179.000         180.000           -5.344e+00          -1.892e+01              59.252          -5.539e+00             103.258           1.675e+01     
 178.000         180.000           -5.636e+00          -1.852e+01              56.215          -5.866e+00             101.740           1.582e+01     
 177.000         180.000           -5.943e+00          -1.820e+01              53.440          -6.209e+00             100.206           1.501e+01     
 176.000         180.000           -6.266e+00          -1.798e+01              50.868          -6.569e+00              98.669           1.430e+01     
 175.000         180.000           -6.606e+00          -1.783e+01              48.451          -6.947e+00              97.147           1.369e+01     
 174.000         180.000           -6.967e+00          -1.777e+01              46.149          -7.343e+00              95.654           1.315e+01     
 173.000         180.000           -7.350e+00          -1.780e+01              43.929          -7.761e+00              94.211           1.268e+01     
 172.000         180.000           -7.760e+00          -1.791e+01              41.757          -8.202e+00              92.836           1.227e+01     
 171.000         180.000           -8.200e+00          -1.810e+01              39.604          -8.669e+00              91.551           1.190e+01     
 170.000         180.000           -8.675e+00          -1.839e+01              37.434          -9.166e+00              90.380           1.158e+01     
 169.000         180.000           -9.191e+00          -1.878e+01              35.210          -9.697e+00              89.348           1.130e+01     
 168.000         180.000           -9.753e+00          -1.927e+01              32.884          -1.027e+01              88.484           1.105e+01     
 167.000         180.000           -1.037e+01          -1.989e+01              30.393          -1.088e+01              87.822           1.083e+01     
 166.000         180.000           -1.105e+01          -2.064e+01              27.648          -1.155e+01              87.403           1.065e+01     
 165.000         180.000           -1.179e+01          -2.155e+01              24.516          -1.228e+01              87.275           1.052e+01     
 164.000         180.000           -1.262e+01          -2.265e+01              20.787          -1.308e+01              87.508           1.047e+01     
 163.000         180.000           -1.354e+01          -2.397e+01              16.096          -1.395e+01              88.184           1.054e+01     
 162.000         180.000           -1.456e+01          -2.558e+01               9.793          -1.492e+01              89.431           1.083e+01     
 161.000         180.000           -1.570e+01          -2.752e+01               0.608          -1.600e+01              91.426           1.152e+01     
 160.000         180.000           -1.695e+01          -2.973e+01             346.051          -1.719e+01              94.435           1.305e+01     
 159.000         180.000           -1.830e+01          -3.166e+01             322.464          -1.850e+01              98.857           1.661e+01     
 158.000         180.000           -1.965e+01          -3.190e+01             291.550          -1.992e+01             105.282           3.174e+01     
 157.000         180.000           -2.082e+01          -3.015e+01             265.648          -2.136e+01             114.512           1.598e+01     
 156.000         180.000           -2.150e+01          -2.786e+01             249.385          -2.265e+01             127.313           7.520e+00     
 155.000         180.000           -2.144e+01          -2.577e+01             239.375          -2.344e+01             143.513           2.497e+00     
 154.000         180.000           -2.070e+01          -2.400e+01             232.754          -2.344e+01             160.911           2.858e+00     
 153.000         180.000           -1.961e+01          -2.253e+01             228.030          -2.272e+01             176.375           6.306e+00     
 152.000         180.000           -1.844e+01          -2.129e+01             224.446          -2.163e+01             188.382           9.756e+00     
 151.000         180.000           -1.733e+01          -2.023e+01             221.594          -2.046e+01             197.199           1.331e+01     
 150.000         180.000           -1.633e+01          -1.933e+01             219.238          -1.935e+01             203.665           1.728e+01     
 149.000         180.000           -1.545e+01          -1.856e+01             217.236          -1.836e+01             208.521           2.236e+01     
 148.000         180.000           -1.469e+01          -1.790e+01             215.495          -1.750e+01             212.292           3.108e+01     
 147.000         180.000           -1.403e+01          -1.733e+01             213.954          -1.676e+01             215.319           3.849e+01     
 146.000         180.000           -1.347e+01          -1.685e+01             212.573          -1.614e+01             217.859           2.674e+01     
 145.000         180.000           -1.299e+01          -1.644e+01             211.321          -1.561e+01             220.056           2.238e+01     
 144.000         180.000           -1.260e+01          -1.609e+01             210.176          -1.518e+01             222.022           1.973e+01     
 143.000         180.000           -1.227e+01          -1.580e+01             209.123          -1.482e+01             223.837           1.784e+01     
 142.000         180.000           -1.201e+01          -1.556e+01             208.148          -1.454e+01             225.561           1.636e+01     
 141.000         180.000           -1.181e+01          -1.538e+01             207.243          -1.433e+01             227.240           1.514e+01     
 140.000         180.000           -1.166e+01          -1.524e+01             206.400          -1.418e+01             228.911           1.409e+01     
 139.000         180.000           -1.157e+01          -1.514e+01             205.616          -1.408e+01             230.605           1.316e+01     
 138.000         180.000           -1.152e+01          -1.509e+01             204.884          -1.404e+01             232.349           1.231e+01     
 137.000         180.000           -1.152e+01          -1.507e+01             204.203          -1.404e+01             234.166           1.152e+01     
 136.000         180.000           -1.155e+01          -1.509e+01             203.570          -1.410e+01             236.079           1.077e+01     
 135.000         180.000           -1.163e+01          -1.514e+01             202.983          -1.419e+01             238.111           1.006e+01     
 134.000         180.000           -1.174e+01          -1.523e+01             202.442          -1.432e+01             240.283           9.359e+00     
 133.000         180.000           -1.189e+01          -1.535e+01             201.946          -1.449e+01             242.616           8.677e+00     
 132.000         180.000           -1.206e+01          -1.549e+01             201.496          -1.469e+01             245.131           8.003e+00     
 131.000         180.000           -1.227e+01          -1.567e+01             201.091          -1.492e+01             247.850           7.332e+00     
 130.000         180.000           -1.250e+01          -1.588e+01             200.734          -1.517e+01             250.794           6.660e+00     
 129.000         180.000           -1.275e+01          -1.611e+01             200.425          -1.543e+01             253.980           5.985e+00     
 128.000         180.000           -1.302e+01          -1.637e+01             200.166          -1.571e+01             257.427           5.304e+00     
 127.000         180.000           -1.330e+01          -1.666e+01             199.959          -1.599e+01             261.144           4.618e+00     
 126.000         180.000           -1.360e+01          -1.697e+01             199.807          -1.627e+01             265.137           3.929e+00     
 125.000         180.000           -1.390e+01          -1.731e+01             199.714          -1.653e+01             269.410           3.244e+00     
 124.000         180.000           -1.419e+01          -1.768e+01             199.684          -1.678e+01             273.928           2.585e+00     
 123.000         180.000           -1.449e+01          -1.807e+01             199.721          -1.699e+01             278.672           2.002e+00     
 122.000         180.000           -1.477e+01          -1.848e+01             199.830          -1.717e+01             283.600           1.620e+00     
 121.000         180.000           -1.503e+01          -1.892e+01             200.019          -1.731e+01             288.656           1.631e+00     
 120.000         180.000           -1.527e+01          -1.939e+01             200.294          -1.739e+01             293.776           2.066e+00     
 119.000         180.000           -1.547e+01          -1.988e+01             200.664          -1.743e+01             298.891           2.757e+00     
 118.000         180.000           -1.565e+01          -2.039e+01             201.140          -1.742e+01             303.936           3.579e+00     
 117.000         180.000           -1.578e+01          -2.093e+01             201.732          -1.737e+01             308.852           4.477e+00     
 116.000         180.000           -1.588e+01          -2.150e+01             202.456          -1.728e+01             313.591           5.424e+00     
 115.000         180.000           -1.595e+01          -2.209e+01             203.326          -1.715e+01             318.121           6.406e+00     
 114.000         180.000           -1.597e+01          -2.271e+01             204.364          -1.701e+01             322.422           7.410e+00     
 113.000         180.000           -1.596e+01          -2.335e+01             205.591          -1.684e+01             326.485           8.428e+00     
 112.000         180.000           -1.593e+01          -2.402e+01             207.036          -1.666e+01             330.314           9.448e+00     
 111.000         180.000           -1.587e+01          -2.472e+01             208.730          -1.647e+01             333.917           1.046e+01     
 110.000         180.000           -1.579e+01          -2.543e+01             210.711          -1.629e+01             337.309           1.145e+01     
 109.000         180.000           -1.569e+01          -2.617e+01             213.024          -1.610e+01             340.509           1.241e+01     
 108.000         180.000           -1.558e+01          -2.693e+01             215.721          -1.591e+01             343.537           1.333e+01     
 107.000         180.000           -1.546e+01          -2.770e+01             218.858          -1.573e+01             346.412           1.420e+01     
 106.000         180.000           -1.534e+01          -2.847e+01             222.499          -1.556e+01             349.154           1.499e+01     
 105.000         180.000           -1.521e+01          -2.924e+01             226.706          -1.539e+01             351.782           1.571e+01     
 104.000         180.000           -1.508e+01          -2.998e+01             231.533          -1.523e+01             354.313           1.635e+01     
 103.000         180.000           -1.495e+01          -3.068e+01             237.013          -1.507e+01             356.765           1.690e+01     
 102.000         180.000           -1.482e+01          -3.131e+01             243.136          -1.492e+01             359.152           1.736e+01     
 101.000         180.000           -1.469e+01          -3.184e+01             249.833          -1.478e+01               1.488           1.772e+01     
 100.000         180.000           -1.456e+01          -3.224e+01             256.965          -1.464e+01               3.784           1.800e+01     
  99.000         180.000           -1.443e+01          -3.250e+01             264.322          -1.450e+01               6.053           1.819e+01     
  98.000         180.000           -1.430e+01          -3.262e+01             271.662          -1.437e+01               8.302           1.831e+01     
  97.000         180.000           -1.417e+01          -3.259e+01             278.751          -1.424e+01              10.541           1.836e+01     
  96.000         180.000           -1.404e+01          -3.245e+01             285.407          -1.410e+01              12.776           1.836e+01     
  95.000         180.000           -1.391e+01          -3.222e+01             291.519          -1.397e+01              15.012           1.830e+01     
  94.000         180.000           -1.377e+01          -3.192e+01             297.046          -1.384e+01              17.254           1.821e+01     
  93.000         180.000           -1.363e+01          -3.157e+01             301.998          -1.370e+01              19.505           1.809e+01     
  92.000         180.000           -1.349e+01          -3.121e+01             306.420          -1.356e+01              21.767           1.794e+01     
  91.000         180.000           -1.334e+01          -3.083e+01             310.372          -1.342e+01              24.041           1.778e+01     
  90.000         180.000           -1.319e+01          -3.044e+01             313.917          -1.327e+01              26.327           1.760e+01     
  89.000         180.000           -1.303e+01          -3.006e+01             317.116          -1.312e+01              28.623           1.742e+01     
  88.000         180.000           -1.287e+01          -2.969e+01             320.027          -1.296e+01              30.929           1.724e+01     
  87.000         180.000           -1.270e+01          -2.932e+01             322.699          -1.280e+01              33.242           1.706e+01     
  86.000         180.000           -1.253e+01          -2.896e+01             325.174          -1.263e+01              35.559           1.688e+01     
  85.000         180.000           -1.235e+01          -2.861e+01             327.489          -1.246e+01              37.878           1.670e+01     
  84.000         180.000           -1.217e+01          -2.827e+01             329.675          -1.228e+01              40.195           1.653e+01     
  83.000         180.000           -1.199e+01          -2.793e+01             331.757          -1.210e+01              42.508           1.636e+01     
  82.000         180.000           -1.180e+01          -2.760e+01             333.758          -1.191e+01              44.813           1.620e+01     
  81.000         180.000           -1.161e+01          -2.727e+01             335.696          -1.173e+01              47.109           1.604e+01     
  80.000         180.000           -1.142e+01          -2.695e+01             337.587          -1.154e+01              49.393           1.588e+01     
  79.000         180.000           -1.123e+01          -2.662e+01             339.445          -1.135e+01              51.665           1.572e+01     
  78.000         180.000           -1.104e+01          -2.630e+01             341.280          -1.117e+01              53.924           1.556e+01     
  77.000         180.000           -1.085e+01          -2.598e+01             343.102          -1.099e+01              56.171           1.540e+01     
  76.000         180.000           -1.067e+01          -2.566e+01             344.920          -1.082e+01              58.407           1.523e+01     
  75.000         180.000           -1.050e+01          -2.534e+01             346.739          -1.065e+01              60.635           1.506e+01     
  74.000         180.000           -1.034e+01          -2.501e+01             348.568          -1.049e+01              62.859           1.488e+01     
  73.000         180.000           -1.019e+01          -2.469e+01             350.410          -1.034e+01              65.083           1.468e+01     
  72.000         180.000           -1.005e+01          -2.436e+01             352.270          -1.021e+01              67.314           1.448e+01     
  71.000         180.000           -9.922e+00          -2.404e+01             354.154          -1.009e+01              69.561           1.425e+01     
  70.000         180.000           -9.814e+00          -2.371e+01             356.065          -9.995e+00              71.832           1.401e+01     
  69.000         180.000           -9.725e+00          -2.338e+01             358.006          -9.917e+00              74.140           1.374e+01     
  68.000         180.000           -9.658e+00          -2.305e+01             359.982          -9.861e+00              76.498           1.346e+01     
  67.000         180.000           -9.614e+00          -2.272e+01               1.997          -9.832e+00              78.926           1.314e+01     
  66.000         180.000           -9.596e+00          -2.239e+01               4.054          -9.830e+00              81.443           1.280e+01     
  65.000         180.000           -9.606e+00          -2.206e+01               6.157          -9.860e+00              84.075           1.242e+01     
  64.000         180.000           -9.646e+00          -2.174e+01               8.311          -9.924e+00              86.855           1.201e+01     
  63.000         180.000           -9.719e+00          -2.141e+01              10.519          -1.002e+01              89.820           1.156e+01     
  62.000         180.000           -9.825e+00          -2.108e+01              12.785          -1.016e+01              93.019           1.107e+01     
  61.000         180.000           -9.965e+00          -2.076e+01              15.115          -1.034e+01              96.512           1.053e+01     
  60.000         180.000           -1.014e+01          -2.043e+01              17.512          -1.057e+01             100.376           9.952e+00     
  59.000         180.000           -1.034e+01          -2.011e+01              19.980          -1.083e+01             104.702           9.332e+00     
  58.000         180.000           -1.057e+01          -1.979e+01              22.526          -1.113e+01             109.607           8.681e+00     
  57.000         180.000           -1.082e+01          -1.947e+01              25.151          -1.145e+01             115.224           8.023e+00     
  56.000         180.000           -1.105e+01          -1.916e+01              27.860          -1.178e+01             121.703           7.401e+00     
  55.000         180.000           -1.126e+01          -1.884e+01              30.656          -1.209e+01             129.185           6.894e+00     
  54.000         180.000           -1.139e+01          -1.852e+01              33.538          -1.233e+01             137.760           6.623e+00     
  53.000         180.000           -1.141e+01          -1.820e+01              36.512          -1.243e+01             147.368           6.722e+00     
  52.000         180.000           -1.127e+01          -1.787e+01              39.576          -1.234e+01             157.763           7.283e+00     
  51.000         180.000           -1.094e+01          -1.755e+01              42.727          -1.201e+01             168.474           8.286e+00     
  50.000         180.000           -1.043e+01          -1.721e+01              45.962          -1.145e+01             178.925           9.621e+00     
  49.000         180.000           -9.743e+00          -1.687e+01              49.275          -1.068e+01             188.614           1.114e+01     
  48.000         180.000           -8.937e+00          -1.653e+01              52.659          -9.768e+00             197.247           1.271e+01     
  47.000         180.000           -8.054e+00          -1.617e+01              56.103          -8.781e+00             204.746           1.419e+01     
  46.000         180.000           -7.135e+00          -1.580e+01              59.595          -7.769e+00             211.176           1.551e+01     
  45.000         180.000           -6.211e+00          -1.543e+01              63.122          -6.766e+00             216.672           1.661e+01     
  44.000         180.000           -5.306e+00          -1.504e+01              66.667          -5.794e+00             221.383           1.746e+01     
  43.000         180.000           -4.432e+00          -1.464e+01              70.214          -4.867e+00             225.446           1.807e+01     
  42.000         180.000           -3.598e+00          -1.423e+01              73.747          -3.991e+00             228.980           1.846e+01     
  41.000         180.000           -2.810e+00          -1.381e+01              77.247          -3.169e+00             232.082           1.867e+01     
  40.000         180.000           -2.070e+00          -1.338e+01              80.700          -2.403e+00             234.829           1.873e+01     
  39.000         180.000           -1.379e+00          -1.295e+01              84.089          -1.693e+00             237.283           1.868e+01     
  38.000         180.000           -7.384e-01          -1.251e+01              87.401          -1.038e+00             239.495           1.854e+01     
  37.000         180.000           -1.474e-01          -1.206e+01              90.625          -4.363e-01             241.504           1.833e+01     
  36.000         180.000            3.938e-01          -1.162e+01              93.751           1.114e-01             243.344           1.807e+01     
  35.000         180.000            8.853e-01          -1.117e+01              96.771           6.061e-01             245.040           1.777e+01     
  34.000         180.000            1.327e+00          -1.073e+01              99.681           1.048e+00             246.614           1.745e+01     
  33.000         180.000            1.719e+00          -1.030e+01             102.476           1.437e+00             248.087           1.709e+01     
  32.000         180.000            2.061e+00          -9.873e+00             105.157           1.773e+00             249.475           1.672e+01     
  31.000         180.000            2.352e+00          -9.459e+00             107.720           2.055e+00             250.789           1.633e+01     
  30.000         180.000            2.590e+00          -9.058e+00             110.169           2.282e+00             252.042           1.593e+01     
  29.000         180.000            2.775e+00          -8.671e+00             112.504           2.452e+00             253.247           1.550e+01     
  28.000         180.000            2.904e+00          -8.302e+00             114.729           2.562e+00             254.414           1.506e+01     
  27.000         180.000            2.975e+00          -7.951e+00             116.847           2.610e+00             255.554           1.461e+01     
  26.000         180.000            2.986e+00          -7.621e+00             118.862           2.591e+00             256.679           1.413e+01     
  25.000         180.000            2.931e+00          -7.312e+00             120.777           2.500e+00             257.801           1.363e+01     
  24.000         180.000            2.808e+00          -7.027e+00             122.597           2.331e+00             258.935           1.311e+01     
  23.000         180.000            2.609e+00          -6.767e+00             124.326           2.076e+00             260.098           1.257e+01     
  22.000         180.000            2.327e+00          -6.532e+00             125.968           1.722e+00             261.314           1.200e+01     
  21.000         180.000            1.955e+00          -6.326e+00             127.525           1.257e+00             262.615           1.140e+01     
  20.000         180.000            1.482e+00          -6.148e+00             129.002           6.588e-01             264.045           1.077e+01     
  19.000         180.000            8.943e-01          -6.000e+00             130.402          -9.890e-02             265.676           1.014e+01     
  18.000         180.000            1.788e-01          -5.884e+00             131.727          -1.056e+00             267.621           9.528e+00     
  17.000         180.000           -6.788e-01          -5.801e+00             132.981          -2.274e+00             270.084           9.037e+00     
  16.000         180.000           -1.686e+00          -5.753e+00             134.164          -3.848e+00             273.459           8.885e+00     
  15.000         180.000           -2.829e+00          -5.741e+00             135.280          -5.940e+00             278.638           9.603e+00     
  14.000         180.000           -4.021e+00          -5.767e+00             136.327          -8.823e+00             288.001           1.255e+01     
  13.000         180.000           -5.028e+00          -5.833e+00             137.308          -1.274e+01             309.518           2.586e+01     
  12.000         180.000           -5.421e+00          -5.941e+00             138.221          -1.490e+01             359.889           1.313e+01     
  11.000         180.000           -4.875e+00          -6.094e+00             139.066          -1.099e+01              41.544           5.038e+00     
  10.000         180.000           -3.570e+00          -6.296e+00             139.840          -6.884e+00              57.929           1.365e+00     
   9.000         180.000           -1.953e+00          -6.548e+00             140.541          -3.804e+00              65.564           3.608e+00     
   8.000         180.000           -3.286e-01          -6.857e+00             141.162          -1.421e+00              69.968           6.248e+00     
   7.000         180.000            1.179e+00          -7.226e+00             141.696           5.014e-01              72.885           8.556e+00     
   6.000         180.000            2.538e+00          -7.661e+00             142.134           2.102e+00              75.006           1.062e+01     
   5.000         180.000            3.752e+00          -8.170e+00             142.461           3.464e+00              76.651           1.254e+01     
   4.000         180.000            4.835e+00          -8.763e+00             142.656           4.641e+00              77.989           1.436e+01     
   3.000         180.000            5.800e+00          -9.450e+00             142.690           5.668e+00              79.118           1.613e+01     
   2.000         180.000            6.662e+00          -1.025e+01             142.520           6.572e+00              80.096           1.791e+01     
   1.000         180.000            7.431e+00          -1.118e+01             142.080           7.371e+00              80.964           1.973e+01     
