Theta [deg.]  Phi   [deg.]  Abs(Dir.)[dBi   ]   Abs(Theta)[dBi   ]  Phase(Theta)[deg.]  Abs(Phi  )[dBi   ]  Phase(Phi  )[deg.]  Ax.Ratio[dB    ]    

   0.000           0.000            7.062e+00          -1.225e+01             141.785           7.011e+00             264.459           2.078e+01     
   1.000           0.000            6.249e+00          -1.112e+01             141.591           6.168e+00             263.960           1.881e+01     
   2.000           0.000            5.337e+00          -1.017e+01             141.236           5.213e+00             263.410           1.690e+01     
   3.000           0.000            4.313e+00          -9.356e+00             140.762           4.122e+00             262.790           1.502e+01     
   4.000           0.000            3.162e+00          -8.655e+00             140.195           2.866e+00             262.069           1.312e+01     
   5.000           0.000            1.867e+00          -8.051e+00             139.552           1.401e+00             261.198           1.114e+01     
   6.000           0.000            4.155e-01          -7.531e+00             138.843          -3.441e-01             260.090           9.048e+00     
   7.000           0.000           -1.192e+00          -7.086e+00             138.077          -2.485e+00             258.564           6.847e+00     
   8.000           0.000           -2.902e+00          -6.708e+00             137.258          -5.241e+00             256.194           4.835e+00     
   9.000           0.000           -4.527e+00          -6.390e+00             136.389          -9.102e+00             251.666           4.853e+00     
  10.000           0.000           -5.653e+00          -6.128e+00             135.473          -1.549e+01             238.217           9.636e+00     
  11.000           0.000           -5.823e+00          -5.918e+00             134.510          -2.245e+01             149.944           2.821e+01     
  12.000           0.000           -5.078e+00          -5.755e+00             133.501          -1.348e+01             101.133           1.418e+01     
  13.000           0.000           -3.900e+00          -5.638e+00             132.446          -8.718e+00              92.430           9.460e+00     
  14.000           0.000           -2.673e+00          -5.562e+00             131.344          -5.809e+00              88.824           8.204e+00     
  15.000           0.000           -1.563e+00          -5.527e+00             130.194          -3.792e+00              86.713           8.221e+00     
  16.000           0.000           -6.118e-01          -5.529e+00             128.994          -2.301e+00              85.227           8.712e+00     
  17.000           0.000            1.806e-01          -5.568e+00             127.744          -1.163e+00              84.056           9.353e+00     
  18.000           0.000            8.289e-01          -5.642e+00             126.441          -2.801e-01              83.057           1.002e+01     
  19.000           0.000            1.349e+00          -5.750e+00             125.083           4.070e-01              82.156           1.066e+01     
  20.000           0.000            1.756e+00          -5.890e+00             123.666           9.362e-01              81.310           1.127e+01     
  21.000           0.000            2.061e+00          -6.061e+00             122.187           1.334e+00              80.492           1.184e+01     
  22.000           0.000            2.274e+00          -6.262e+00             120.644           1.619e+00              79.683           1.237e+01     
  23.000           0.000            2.403e+00          -6.492e+00             119.032           1.804e+00              78.869           1.287e+01     
  24.000           0.000            2.455e+00          -6.750e+00             117.347           1.900e+00              78.038           1.333e+01     
  25.000           0.000            2.435e+00          -7.035e+00             115.584           1.914e+00              77.180           1.377e+01     
  26.000           0.000            2.345e+00          -7.346e+00             113.738           1.852e+00              76.284           1.418e+01     
  27.000           0.000            2.190e+00          -7.682e+00             111.804           1.718e+00              75.341           1.457e+01     
  28.000           0.000            1.971e+00          -8.043e+00             109.776           1.515e+00              74.340           1.493e+01     
  29.000           0.000            1.689e+00          -8.426e+00             107.647           1.245e+00              73.268           1.527e+01     
  30.000           0.000            1.346e+00          -8.831e+00             105.411           9.082e-01              72.112           1.559e+01     
  31.000           0.000            9.421e-01          -9.257e+00             103.059           5.061e-01              70.855           1.588e+01     
  32.000           0.000            4.759e-01          -9.702e+00             100.586           3.763e-02              69.476           1.614e+01     
  33.000           0.000           -5.324e-02          -1.016e+01              97.980          -4.987e-01              67.949           1.637e+01     
  34.000           0.000           -6.458e-01          -1.064e+01              95.238          -1.104e+00              66.246           1.655e+01     
  35.000           0.000           -1.304e+00          -1.113e+01              92.350          -1.781e+00              64.325           1.668e+01     
  36.000           0.000           -2.030e+00          -1.164e+01              89.308          -2.533e+00              62.131           1.673e+01     
  37.000           0.000           -2.825e+00          -1.215e+01              86.106          -3.364e+00              59.596           1.668e+01     
  38.000           0.000           -3.690e+00          -1.266e+01              82.739          -4.279e+00              56.623           1.650e+01     
  39.000           0.000           -4.626e+00          -1.318e+01              79.203          -5.279e+00              53.086           1.612e+01     
  40.000           0.000           -5.629e+00          -1.370e+01              75.497          -6.366e+00              48.809           1.552e+01     
  41.000           0.000           -6.689e+00          -1.421e+01              71.623          -7.535e+00              43.552           1.462e+01     
  42.000           0.000           -7.782e+00          -1.471e+01              67.587          -8.766e+00              37.000           1.339e+01     
  43.000           0.000           -8.866e+00          -1.520e+01              63.401          -1.002e+01              28.776           1.184e+01     
  44.000           0.000           -9.872e+00          -1.567e+01              59.080          -1.120e+01              18.526           1.004e+01     
  45.000           0.000           -1.070e+01          -1.612e+01              54.644          -1.217e+01               6.169           8.172e+00     
  46.000           0.000           -1.124e+01          -1.654e+01              50.120          -1.276e+01             352.265           6.514e+00     
  47.000           0.000           -1.145e+01          -1.694e+01              45.537          -1.289e+01             338.105           5.444e+00     
  48.000           0.000           -1.133e+01          -1.731e+01              40.926          -1.259e+01             325.119           5.236e+00     
  49.000           0.000           -1.098e+01          -1.764e+01              36.323          -1.203e+01             314.119           5.756e+00     
  50.000           0.000           -1.049e+01          -1.795e+01              31.759          -1.135e+01             305.188           6.623e+00     
  51.000           0.000           -9.969e+00          -1.823e+01              27.266          -1.067e+01             298.025           7.562e+00     
  52.000           0.000           -9.454e+00          -1.849e+01              22.872          -1.003e+01             292.244           8.452e+00     
  53.000           0.000           -8.979e+00          -1.871e+01              18.599          -9.467e+00             287.504           9.249e+00     
  54.000           0.000           -8.559e+00          -1.892e+01              14.466          -8.978e+00             283.544           9.946e+00     
  55.000           0.000           -8.198e+00          -1.911e+01              10.488          -8.565e+00             280.163           1.055e+01     
  56.000           0.000           -7.896e+00          -1.929e+01               6.669          -8.223e+00             277.232           1.107e+01     
  57.000           0.000           -7.652e+00          -1.945e+01               3.015          -7.948e+00             274.639           1.151e+01     
  58.000           0.000           -7.461e+00          -1.961e+01             359.528          -7.734e+00             272.307           1.189e+01     
  59.000           0.000           -7.320e+00          -1.976e+01             356.204          -7.576e+00             270.176           1.221e+01     
  60.000           0.000           -7.226e+00          -1.990e+01             353.040          -7.467e+00             268.202           1.247e+01     
  61.000           0.000           -7.175e+00          -2.004e+01             350.029          -7.405e+00             266.350           1.270e+01     
  62.000           0.000           -7.163e+00          -2.019e+01             347.163          -7.385e+00             264.593           1.288e+01     
  63.000           0.000           -7.187e+00          -2.033e+01             344.436          -7.403e+00             262.907           1.303e+01     
  64.000           0.000           -7.245e+00          -2.047e+01             341.838          -7.456e+00             261.275           1.314e+01     
  65.000           0.000           -7.333e+00          -2.062e+01             339.361          -7.542e+00             259.683           1.323e+01     
  66.000           0.000           -7.449e+00          -2.076e+01             336.998          -7.656e+00             258.115           1.329e+01     
  67.000           0.000           -7.591e+00          -2.091e+01             334.739          -7.798e+00             256.563           1.332e+01     
  68.000           0.000           -7.756e+00          -2.107e+01             332.578          -7.964e+00             255.016           1.333e+01     
  69.000           0.000           -7.944e+00          -2.123e+01             330.505          -8.152e+00             253.467           1.332e+01     
  70.000           0.000           -8.150e+00          -2.139e+01             328.513          -8.361e+00             251.906           1.329e+01     
  71.000           0.000           -8.374e+00          -2.155e+01             326.595          -8.588e+00             250.328           1.324e+01     
  72.000           0.000           -8.614e+00          -2.172e+01             324.744          -8.832e+00             248.727           1.318e+01     
  73.000           0.000           -8.868e+00          -2.190e+01             322.951          -9.090e+00             247.097           1.310e+01     
  74.000           0.000           -9.134e+00          -2.207e+01             321.210          -9.361e+00             245.433           1.301e+01     
  75.000           0.000           -9.410e+00          -2.225e+01             319.513          -9.642e+00             243.731           1.291e+01     
  76.000           0.000           -9.695e+00          -2.244e+01             317.853          -9.933e+00             241.988           1.280e+01     
  77.000           0.000           -9.987e+00          -2.263e+01             316.221          -1.023e+01             240.199           1.269e+01     
  78.000           0.000           -1.028e+01          -2.282e+01             314.610          -1.053e+01             238.363           1.257e+01     
  79.000           0.000           -1.058e+01          -2.302e+01             313.011          -1.084e+01             236.476           1.245e+01     
  80.000           0.000           -1.089e+01          -2.322e+01             311.415          -1.115e+01             234.540           1.233e+01     
  81.000           0.000           -1.119e+01          -2.343e+01             309.812          -1.146e+01             232.552           1.222e+01     
  82.000           0.000           -1.149e+01          -2.364e+01             308.192          -1.176e+01             230.513           1.210e+01     
  83.000           0.000           -1.179e+01          -2.385e+01             306.543          -1.207e+01             228.425           1.200e+01     
  84.000           0.000           -1.208e+01          -2.408e+01             304.853          -1.237e+01             226.291           1.191e+01     
  85.000           0.000           -1.237e+01          -2.430e+01             303.109          -1.266e+01             224.113           1.183e+01     
  86.000           0.000           -1.265e+01          -2.453e+01             301.296          -1.294e+01             221.895           1.176e+01     
  87.000           0.000           -1.293e+01          -2.477e+01             299.397          -1.322e+01             219.642           1.171e+01     
  88.000           0.000           -1.319e+01          -2.501e+01             297.396          -1.349e+01             217.360           1.168e+01     
  89.000           0.000           -1.345e+01          -2.526e+01             295.271          -1.374e+01             215.055           1.166e+01     
  90.000           0.000           -1.369e+01          -2.550e+01             293.002          -1.399e+01             212.732           1.166e+01     
  91.000           0.000           -1.393e+01          -2.575e+01             290.567          -1.422e+01             210.398           1.168e+01     
  92.000           0.000           -1.416e+01          -2.600e+01             287.940          -1.445e+01             208.057           1.171e+01     
  93.000           0.000           -1.437e+01          -2.625e+01             285.098          -1.466e+01             205.717           1.176e+01     
  94.000           0.000           -1.458e+01          -2.649e+01             282.016          -1.487e+01             203.381           1.181e+01     
  95.000           0.000           -1.478e+01          -2.671e+01             278.671          -1.507e+01             201.051           1.188e+01     
  96.000           0.000           -1.497e+01          -2.692e+01             275.045          -1.526e+01             198.732           1.195e+01     
  97.000           0.000           -1.516e+01          -2.710e+01             271.127          -1.544e+01             196.422           1.202e+01     
  98.000           0.000           -1.533e+01          -2.725e+01             266.919          -1.562e+01             194.122           1.208e+01     
  99.000           0.000           -1.551e+01          -2.735e+01             262.436          -1.580e+01             191.829           1.213e+01     
 100.000           0.000           -1.568e+01          -2.740e+01             257.711          -1.598e+01             189.538           1.216e+01     
 101.000           0.000           -1.584e+01          -2.739e+01             252.800          -1.616e+01             187.244           1.217e+01     
 102.000           0.000           -1.600e+01          -2.731e+01             247.773          -1.634e+01             184.939           1.214e+01     
 103.000           0.000           -1.616e+01          -2.715e+01             242.718          -1.653e+01             182.612           1.206e+01     
 104.000           0.000           -1.632e+01          -2.692e+01             237.725          -1.672e+01             180.252           1.193e+01     
 105.000           0.000           -1.648e+01          -2.662e+01             232.883          -1.692e+01             177.844           1.175e+01     
 106.000           0.000           -1.663e+01          -2.626e+01             228.266          -1.713e+01             175.372           1.150e+01     
 107.000           0.000           -1.678e+01          -2.585e+01             223.933          -1.736e+01             172.816           1.117e+01     
 108.000           0.000           -1.693e+01          -2.539e+01             219.923          -1.760e+01             170.155           1.077e+01     
 109.000           0.000           -1.707e+01          -2.490e+01             216.254          -1.785e+01             167.362           1.030e+01     
 110.000           0.000           -1.720e+01          -2.440e+01             212.931          -1.812e+01             164.410           9.747e+00     
 111.000           0.000           -1.732e+01          -2.388e+01             209.946          -1.840e+01             161.266           9.125e+00     
 112.000           0.000           -1.742e+01          -2.335e+01             207.283          -1.870e+01             157.893           8.440e+00     
 113.000           0.000           -1.750e+01          -2.283e+01             204.923          -1.901e+01             154.252           7.702e+00     
 114.000           0.000           -1.756e+01          -2.231e+01             202.842          -1.933e+01             150.302           6.921e+00     
 115.000           0.000           -1.758e+01          -2.180e+01             201.018          -1.965e+01             145.999           6.114e+00     
 116.000           0.000           -1.757e+01          -2.131e+01             199.428          -1.997e+01             141.305           5.295e+00     
 117.000           0.000           -1.753e+01          -2.083e+01             198.052          -2.027e+01             136.187           4.486e+00     
 118.000           0.000           -1.744e+01          -2.036e+01             196.870          -2.054e+01             130.631           3.714e+00     
 119.000           0.000           -1.731e+01          -1.992e+01             195.866          -2.077e+01             124.645           3.025e+00     
 120.000           0.000           -1.715e+01          -1.950e+01             195.023          -2.094e+01             118.275           2.493e+00     
 121.000           0.000           -1.695e+01          -1.910e+01             194.328          -2.103e+01             111.603           2.232e+00     
 122.000           0.000           -1.671e+01          -1.872e+01             193.770          -2.104e+01             104.750           2.326e+00     
 123.000           0.000           -1.646e+01          -1.836e+01             193.337          -2.095e+01              97.864           2.728e+00     
 124.000           0.000           -1.618e+01          -1.803e+01             193.021          -2.078e+01              91.098           3.320e+00     
 125.000           0.000           -1.589e+01          -1.771e+01             192.814          -2.053e+01              84.588           4.013e+00     
 126.000           0.000           -1.559e+01          -1.743e+01             192.710          -2.022e+01              78.422           4.763e+00     
 127.000           0.000           -1.530e+01          -1.716e+01             192.701          -1.986e+01              72.694           5.544e+00     
 128.000           0.000           -1.500e+01          -1.693e+01             192.784          -1.947e+01              67.417           6.349e+00     
 129.000           0.000           -1.473e+01          -1.672e+01             192.954          -1.907e+01              62.586           7.176e+00     
 130.000           0.000           -1.446e+01          -1.653e+01             193.209          -1.868e+01              58.176           8.030e+00     
 131.000           0.000           -1.422e+01          -1.637e+01             193.546          -1.830e+01              54.149           8.915e+00     
 132.000           0.000           -1.400e+01          -1.624e+01             193.963          -1.795e+01              50.460           9.843e+00     
 133.000           0.000           -1.381e+01          -1.614e+01             194.459          -1.763e+01              47.064           1.083e+01     
 134.000           0.000           -1.365e+01          -1.607e+01             195.034          -1.734e+01              43.914           1.189e+01     
 135.000           0.000           -1.352e+01          -1.603e+01             195.688          -1.710e+01              40.965           1.306e+01     
 136.000           0.000           -1.342e+01          -1.602e+01             196.423          -1.689e+01              38.177           1.437e+01     
 137.000           0.000           -1.337e+01          -1.604e+01             197.240          -1.674e+01              35.507           1.591e+01     
 138.000           0.000           -1.335e+01          -1.610e+01             198.143          -1.663e+01              32.916           1.776e+01     
 139.000           0.000           -1.337e+01          -1.620e+01             199.136          -1.658e+01              30.363           2.016e+01     
 140.000           0.000           -1.344e+01          -1.633e+01             200.224          -1.658e+01              27.805           2.358e+01     
 141.000           0.000           -1.355e+01          -1.650e+01             201.415          -1.663e+01              25.198           2.963e+01     
 142.000           0.000           -1.372e+01          -1.672e+01             202.718          -1.673e+01              22.489           4.000e+01     
 143.000           0.000           -1.393e+01          -1.699e+01             204.146          -1.689e+01              19.622           2.807e+01     
 144.000           0.000           -1.420e+01          -1.731e+01             205.713          -1.711e+01              16.529           2.191e+01     
 145.000           0.000           -1.451e+01          -1.768e+01             207.441          -1.738e+01              13.130           1.803e+01     
 146.000           0.000           -1.489e+01          -1.811e+01             209.357          -1.769e+01               9.334           1.507e+01     
 147.000           0.000           -1.531e+01          -1.860e+01             211.494          -1.805e+01               5.031           1.259e+01     
 148.000           0.000           -1.578e+01          -1.917e+01             213.905          -1.844e+01               0.113           1.039e+01     
 149.000           0.000           -1.628e+01          -1.981e+01             216.648          -1.883e+01             354.446           8.345e+00     
 150.000           0.000           -1.681e+01          -2.055e+01             219.817          -1.919e+01             347.947           6.430e+00     
 151.000           0.000           -1.732e+01          -2.138e+01             223.540          -1.948e+01             340.597           4.698e+00     
 152.000           0.000           -1.777e+01          -2.232e+01             228.004          -1.964e+01             332.504           3.501e+00     
 153.000           0.000           -1.810e+01          -2.337e+01             233.481          -1.963e+01             323.944           3.742e+00     
 154.000           0.000           -1.825e+01          -2.453e+01             240.373          -1.942e+01             315.333           5.665e+00     
 155.000           0.000           -1.818e+01          -2.578e+01             249.247          -1.901e+01             307.133           8.790e+00     
 156.000           0.000           -1.788e+01          -2.701e+01             260.803          -1.845e+01             299.720           1.334e+01     
 157.000           0.000           -1.738e+01          -2.805e+01             275.558          -1.777e+01             293.310           2.131e+01     
 158.000           0.000           -1.674e+01          -2.858e+01             293.019          -1.703e+01             287.965           3.323e+01     
 159.000           0.000           -1.601e+01          -2.840e+01             311.064          -1.627e+01             283.635           1.928e+01     
 160.000           0.000           -1.525e+01          -2.762e+01             327.148          -1.551e+01             280.220           1.510e+01     
 161.000           0.000           -1.449e+01          -2.653e+01             340.132          -1.477e+01             277.603           1.293e+01     
 162.000           0.000           -1.375e+01          -2.537e+01             350.257          -1.406e+01             275.671           1.168e+01     
 163.000           0.000           -1.304e+01          -2.426e+01             358.215          -1.338e+01             274.323           1.094e+01     
 164.000           0.000           -1.237e+01          -2.327e+01               4.643          -1.274e+01             273.475           1.053e+01     
 165.000           0.000           -1.175e+01          -2.239e+01              10.003          -1.214e+01             273.050           1.033e+01     
 166.000           0.000           -1.116e+01          -2.163e+01              14.622          -1.157e+01             272.994           1.028e+01     
 167.000           0.000           -1.061e+01          -2.099e+01              18.718          -1.103e+01             273.253           1.035e+01     
 168.000           0.000           -1.009e+01          -2.044e+01              22.446          -1.051e+01             273.780           1.050e+01     
 169.000           0.000           -9.604e+00          -1.999e+01              25.916          -1.002e+01             274.535           1.071e+01     
 170.000           0.000           -9.143e+00          -1.962e+01              29.208          -9.551e+00             275.482           1.099e+01     
 171.000           0.000           -8.706e+00          -1.934e+01              32.386          -9.099e+00             276.586           1.132e+01     
 172.000           0.000           -8.289e+00          -1.913e+01              35.499          -8.663e+00             277.814           1.171e+01     
 173.000           0.000           -7.891e+00          -1.900e+01              38.590          -8.240e+00             279.139           1.215e+01     
 174.000           0.000           -7.507e+00          -1.894e+01              41.697          -7.831e+00             280.531           1.265e+01     
 175.000           0.000           -7.137e+00          -1.895e+01              44.856          -7.433e+00             281.966           1.322e+01     
 176.000           0.000           -6.780e+00          -1.903e+01              48.103          -7.046e+00             283.419           1.386e+01     
 177.000           0.000           -6.433e+00          -1.917e+01              51.476          -6.671e+00             284.871           1.459e+01     
 178.000           0.000           -6.098e+00          -1.939e+01              55.020          -6.307e+00             286.302           1.541e+01     
 179.000           0.000           -5.774e+00          -1.967e+01              58.784          -5.955e+00             287.697           1.633e+01     
 180.000           0.000           -5.460e+00          -2.002e+01              62.825          -5.615e+00             289.045           1.738e+01     
 179.000         180.000           -5.159e+00          -2.043e+01             247.219          -5.290e+00             110.331           1.859e+01     
 178.000         180.000           -4.869e+00          -2.092e+01             252.053          -4.979e+00             111.549           2.000e+01     
 177.000         180.000           -4.593e+00          -2.146e+01             257.437          -4.683e+00             112.693           2.167e+01     
 176.000         180.000           -4.331e+00          -2.206e+01             263.503          -4.405e+00             113.761           2.372e+01     
 175.000         180.000           -4.084e+00          -2.270e+01             270.404          -4.144e+00             114.748           2.635e+01     
 174.000         180.000           -3.853e+00          -2.335e+01             278.301          -3.902e+00             115.657           3.004e+01     
 173.000         180.000           -3.639e+00          -2.397e+01             287.331          -3.680e+00             116.486           3.634e+01     
 172.000         180.000           -3.443e+00          -2.451e+01             297.537          -3.477e+00             117.239           4.000e+01     
 171.000         180.000           -3.266e+00          -2.489e+01             308.783          -3.296e+00             117.918           3.615e+01     
 170.000         180.000           -3.108e+00          -2.505e+01             320.689          -3.136e+00             118.526           3.043e+01     
 169.000         180.000           -2.971e+00          -2.497e+01             332.677          -2.998e+00             119.069           2.715e+01     
 168.000         180.000           -2.854e+00          -2.467e+01             344.151          -2.882e+00             119.550           2.488e+01     
 167.000         180.000           -2.758e+00          -2.419e+01             354.685          -2.789e+00             119.974           2.318e+01     
 166.000         180.000           -2.684e+00          -2.361e+01               4.100          -2.719e+00             120.348           2.185e+01     
 165.000         180.000           -2.632e+00          -2.299e+01              12.415          -2.672e+00             120.677           2.078e+01     
 164.000         180.000           -2.602e+00          -2.238e+01              19.757          -2.648e+00             120.966           1.990e+01     
 163.000         180.000           -2.595e+00          -2.179e+01              26.279          -2.647e+00             121.223           1.917e+01     
 162.000         180.000           -2.610e+00          -2.125e+01              32.146          -2.670e+00             121.452           1.858e+01     
 161.000         180.000           -2.649e+00          -2.076e+01              37.495          -2.716e+00             121.661           1.809e+01     
 160.000         180.000           -2.710e+00          -2.033e+01              42.443          -2.786e+00             121.857           1.770e+01     
 159.000         180.000           -2.795e+00          -1.996e+01              47.082          -2.879e+00             122.046           1.739e+01     
 158.000         180.000           -2.903e+00          -1.964e+01              51.490          -2.996e+00             122.235           1.717e+01     
 157.000         180.000           -3.035e+00          -1.938e+01              55.731          -3.137e+00             122.434           1.702e+01     
 156.000         180.000           -3.191e+00          -1.917e+01              59.856          -3.302e+00             122.649           1.694e+01     
 155.000         180.000           -3.371e+00          -1.901e+01              63.911          -3.491e+00             122.890           1.693e+01     
 154.000         180.000           -3.574e+00          -1.890e+01              67.934          -3.704e+00             123.165           1.699e+01     
 153.000         180.000           -3.802e+00          -1.882e+01              71.958          -3.941e+00             123.485           1.712e+01     
 152.000         180.000           -4.054e+00          -1.879e+01              76.015          -4.202e+00             123.860           1.733e+01     
 151.000         180.000           -4.330e+00          -1.880e+01              80.133          -4.488e+00             124.303           1.762e+01     
 150.000         180.000           -4.630e+00          -1.884e+01              84.336          -4.798e+00             124.825           1.799e+01     
 149.000         180.000           -4.954e+00          -1.891e+01              88.650          -5.132e+00             125.441           1.847e+01     
 148.000         180.000           -5.302e+00          -1.901e+01              93.096          -5.491e+00             126.167           1.905e+01     
 147.000         180.000           -5.673e+00          -1.913e+01              97.692          -5.874e+00             127.018           1.976e+01     
 146.000         180.000           -6.068e+00          -1.926e+01             102.460          -6.281e+00             128.016           2.064e+01     
 145.000         180.000           -6.484e+00          -1.941e+01             107.410          -6.711e+00             129.183           2.171e+01     
 144.000         180.000           -6.920e+00          -1.957e+01             112.552          -7.163e+00             130.541           2.305e+01     
 143.000         180.000           -7.375e+00          -1.972e+01             117.890          -7.636e+00             132.118           2.477e+01     
 142.000         180.000           -7.845e+00          -1.987e+01             123.418          -8.127e+00             133.941           2.706e+01     
 141.000         180.000           -8.327e+00          -2.000e+01             129.125          -8.633e+00             136.043           3.036e+01     
 140.000         180.000           -8.816e+00          -2.012e+01             134.988          -9.150e+00             138.455           3.600e+01     
 139.000         180.000           -9.305e+00          -2.021e+01             140.977          -9.672e+00             141.209           4.000e+01     
 138.000         180.000           -9.786e+00          -2.027e+01             147.055          -1.019e+01             144.335           3.737e+01     
 137.000         180.000           -1.025e+01          -2.030e+01             153.176          -1.070e+01             147.855           3.115e+01     
 136.000         180.000           -1.068e+01          -2.030e+01             159.295          -1.119e+01             151.781           2.777e+01     
 135.000         180.000           -1.108e+01          -2.026e+01             165.366          -1.164e+01             156.104           2.558e+01     
 134.000         180.000           -1.142e+01          -2.019e+01             171.347          -1.203e+01             160.793           2.410e+01     
 133.000         180.000           -1.169e+01          -2.010e+01             177.203          -1.237e+01             165.789           2.311e+01     
 132.000         180.000           -1.190e+01          -1.998e+01             182.904          -1.263e+01             171.002           2.248e+01     
 131.000         180.000           -1.203e+01          -1.984e+01             188.434          -1.281e+01             176.324           2.211e+01     
 130.000         180.000           -1.208e+01          -1.969e+01             193.781          -1.291e+01             181.631           2.191e+01     
 129.000         180.000           -1.207e+01          -1.952e+01             198.941          -1.293e+01             186.805           2.180e+01     
 128.000         180.000           -1.199e+01          -1.935e+01             203.917          -1.287e+01             191.747           2.170e+01     
 127.000         180.000           -1.187e+01          -1.918e+01             208.716          -1.276e+01             196.382           2.155e+01     
 126.000         180.000           -1.171e+01          -1.900e+01             213.348          -1.260e+01             200.663           2.130e+01     
 125.000         180.000           -1.152e+01          -1.883e+01             217.822          -1.241e+01             204.574           2.093e+01     
 124.000         180.000           -1.131e+01          -1.866e+01             222.155          -1.220e+01             208.113           2.046e+01     
 123.000         180.000           -1.110e+01          -1.850e+01             226.357          -1.197e+01             211.299           1.989e+01     
 122.000         180.000           -1.088e+01          -1.834e+01             230.443          -1.174e+01             214.157           1.926e+01     
 121.000         180.000           -1.067e+01          -1.819e+01             234.423          -1.151e+01             216.716           1.859e+01     
 120.000         180.000           -1.046e+01          -1.805e+01             238.310          -1.129e+01             219.008           1.790e+01     
 119.000         180.000           -1.026e+01          -1.791e+01             242.111          -1.108e+01             221.062           1.720e+01     
 118.000         180.000           -1.006e+01          -1.777e+01             245.837          -1.087e+01             222.907           1.651e+01     
 117.000         180.000           -9.879e+00          -1.764e+01             249.495          -1.067e+01             224.568           1.584e+01     
 116.000         180.000           -9.705e+00          -1.752e+01             253.090          -1.049e+01             226.068           1.519e+01     
 115.000         180.000           -9.540e+00          -1.740e+01             256.629          -1.032e+01             227.428           1.457e+01     
 114.000         180.000           -9.384e+00          -1.728e+01             260.115          -1.015e+01             228.665           1.397e+01     
 113.000         180.000           -9.237e+00          -1.716e+01             263.551          -1.000e+01             229.795           1.340e+01     
 112.000         180.000           -9.096e+00          -1.704e+01             266.938          -9.856e+00             230.831           1.286e+01     
 111.000         180.000           -8.962e+00          -1.692e+01             270.279          -9.719e+00             231.786           1.234e+01     
 110.000         180.000           -8.833e+00          -1.680e+01             273.572          -9.588e+00             232.671           1.186e+01     
 109.000         180.000           -8.708e+00          -1.669e+01             276.818          -9.462e+00             233.493           1.139e+01     
 108.000         180.000           -8.587e+00          -1.656e+01             280.016          -9.340e+00             234.261           1.096e+01     
 107.000         180.000           -8.467e+00          -1.644e+01             283.163          -9.221e+00             234.982           1.055e+01     
 106.000         180.000           -8.348e+00          -1.632e+01             286.258          -9.103e+00             235.661           1.016e+01     
 105.000         180.000           -8.229e+00          -1.619e+01             289.298          -8.986e+00             236.304           9.806e+00     
 104.000         180.000           -8.109e+00          -1.606e+01             292.281          -8.868e+00             236.916           9.471e+00     
 103.000         180.000           -7.986e+00          -1.592e+01             295.204          -8.748e+00             237.500           9.162e+00     
 102.000         180.000           -7.861e+00          -1.578e+01             298.065          -8.625e+00             238.059           8.877e+00     
 101.000         180.000           -7.732e+00          -1.564e+01             300.861          -8.498e+00             238.597           8.617e+00     
 100.000         180.000           -7.598e+00          -1.550e+01             303.589          -8.367e+00             239.116           8.382e+00     
  99.000         180.000           -7.459e+00          -1.535e+01             306.248          -8.229e+00             239.617           8.172e+00     
  98.000         180.000           -7.314e+00          -1.520e+01             308.836          -8.086e+00             240.104           7.987e+00     
  97.000         180.000           -7.164e+00          -1.505e+01             311.351          -7.936e+00             240.575           7.827e+00     
  96.000         180.000           -7.007e+00          -1.489e+01             313.791          -7.778e+00             241.034           7.692e+00     
  95.000         180.000           -6.843e+00          -1.474e+01             316.156          -7.612e+00             241.481           7.581e+00     
  94.000         180.000           -6.672e+00          -1.458e+01             318.446          -7.439e+00             241.915           7.494e+00     
  93.000         180.000           -6.494e+00          -1.442e+01             320.659          -7.257e+00             242.338           7.432e+00     
  92.000         180.000           -6.310e+00          -1.427e+01             322.795          -7.067e+00             242.750           7.393e+00     
  91.000         180.000           -6.118e+00          -1.411e+01             324.855          -6.869e+00             243.150           7.376e+00     
  90.000         180.000           -5.921e+00          -1.396e+01             326.840          -6.663e+00             243.539           7.381e+00     
  89.000         180.000           -5.716e+00          -1.381e+01             328.750          -6.449e+00             243.915           7.408e+00     
  88.000         180.000           -5.506e+00          -1.366e+01             330.586          -6.228e+00             244.279           7.454e+00     
  87.000         180.000           -5.291e+00          -1.351e+01             332.350          -6.000e+00             244.631           7.519e+00     
  86.000         180.000           -5.070e+00          -1.337e+01             334.042          -5.766e+00             244.969           7.602e+00     
  85.000         180.000           -4.845e+00          -1.323e+01             335.664          -5.526e+00             245.293           7.703e+00     
  84.000         180.000           -4.616e+00          -1.310e+01             337.218          -5.281e+00             245.602           7.819e+00     
  83.000         180.000           -4.385e+00          -1.297e+01             338.706          -5.032e+00             245.897           7.950e+00     
  82.000         180.000           -4.150e+00          -1.285e+01             340.130          -4.780e+00             246.175           8.096e+00     
  81.000         180.000           -3.915e+00          -1.273e+01             341.492          -4.526e+00             246.436           8.254e+00     
  80.000         180.000           -3.679e+00          -1.263e+01             342.793          -4.270e+00             246.680           8.425e+00     
  79.000         180.000           -3.442e+00          -1.253e+01             344.037          -4.014e+00             246.905           8.608e+00     
  78.000         180.000           -3.207e+00          -1.245e+01             345.226          -3.759e+00             247.111           8.801e+00     
  77.000         180.000           -2.975e+00          -1.237e+01             346.361          -3.505e+00             247.297           9.005e+00     
  76.000         180.000           -2.745e+00          -1.230e+01             347.446          -3.254e+00             247.462           9.220e+00     
  75.000         180.000           -2.519e+00          -1.225e+01             348.483          -3.007e+00             247.605           9.444e+00     
  74.000         180.000           -2.299e+00          -1.221e+01             349.475          -2.766e+00             247.724           9.677e+00     
  73.000         180.000           -2.085e+00          -1.219e+01             350.425          -2.531e+00             247.819           9.920e+00     
  72.000         180.000           -1.878e+00          -1.218e+01             351.336          -2.304e+00             247.888           1.017e+01     
  71.000         180.000           -1.681e+00          -1.219e+01             352.211          -2.085e+00             247.929           1.043e+01     
  70.000         180.000           -1.493e+00          -1.222e+01             353.053          -1.877e+00             247.941           1.070e+01     
  69.000         180.000           -1.317e+00          -1.226e+01             353.868          -1.681e+00             247.921           1.099e+01     
  68.000         180.000           -1.154e+00          -1.233e+01             354.658          -1.498e+00             247.867           1.128e+01     
  67.000         180.000           -1.005e+00          -1.243e+01             355.428          -1.329e+00             247.777           1.158e+01     
  66.000         180.000           -8.715e-01          -1.255e+01             356.184          -1.177e+00             247.647           1.190e+01     
  65.000         180.000           -7.560e-01          -1.270e+01             356.932          -1.043e+00             247.473           1.223e+01     
  64.000         180.000           -6.600e-01          -1.288e+01             357.679          -9.288e-01             247.251           1.258e+01     
  63.000         180.000           -5.854e-01          -1.309e+01             358.433          -8.364e-01             246.976           1.295e+01     
  62.000         180.000           -5.344e-01          -1.335e+01             359.204          -7.678e-01             246.639           1.334e+01     
  61.000         180.000           -5.092e-01          -1.364e+01               0.006          -7.255e-01             246.235           1.376e+01     
  60.000         180.000           -5.124e-01          -1.399e+01               0.854          -7.119e-01             245.753           1.422e+01     
  59.000         180.000           -5.469e-01          -1.439e+01               1.768          -7.299e-01             245.181           1.471e+01     
  58.000         180.000           -6.159e-01          -1.486e+01               2.776          -7.826e-01             244.505           1.526e+01     
  57.000         180.000           -7.229e-01          -1.539e+01               3.915          -8.736e-01             243.707           1.587e+01     
  56.000         180.000           -8.717e-01          -1.602e+01               5.235          -1.007e+00             242.761           1.657e+01     
  55.000         180.000           -1.067e+00          -1.674e+01               6.812          -1.186e+00             241.640           1.739e+01     
  54.000         180.000           -1.314e+00          -1.759e+01               8.757          -1.417e+00             240.303           1.837e+01     
  53.000         180.000           -1.617e+00          -1.858e+01              11.244          -1.705e+00             238.699           1.961e+01     
  52.000         180.000           -1.983e+00          -1.975e+01              14.562          -2.056e+00             236.760           2.123e+01     
  51.000         180.000           -2.418e+00          -2.115e+01              19.213          -2.477e+00             234.390           2.354e+01     
  50.000         180.000           -2.927e+00          -2.281e+01              26.118          -2.971e+00             231.463           2.728e+01     
  49.000         180.000           -3.512e+00          -2.472e+01              37.014          -3.545e+00             227.800           3.580e+01     
  48.000         180.000           -4.169e+00          -2.661e+01              54.735          -4.193e+00             223.156           3.641e+01     
  47.000         180.000           -4.879e+00          -2.753e+01              80.584          -4.903e+00             217.201           2.591e+01     
  46.000         180.000           -5.596e+00          -2.656e+01             107.174          -5.631e+00             209.523           2.114e+01     
  45.000         180.000           -6.224e+00          -2.446e+01             125.990          -6.290e+00             199.720           1.853e+01     
  44.000         180.000           -6.609e+00          -2.225e+01             137.532          -6.729e+00             187.655           1.792e+01     
  43.000         180.000           -6.578e+00          -2.028e+01             144.719          -6.767e+00             173.894           2.005e+01     
  42.000         180.000           -6.046e+00          -1.858e+01             149.433          -6.295e+00             159.844           2.763e+01     
  41.000         180.000           -5.090e+00          -1.712e+01             152.681          -5.371e+00             147.081           3.252e+01     
  40.000         180.000           -3.882e+00          -1.585e+01             155.005          -4.168e+00             136.475           2.216e+01     
  39.000         180.000           -2.580e+00          -1.474e+01             156.715          -2.853e+00             128.078           1.870e+01     
  38.000         180.000           -1.283e+00          -1.376e+01             157.996          -1.536e+00             121.537           1.708e+01     
  37.000         180.000           -4.250e-02          -1.290e+01             158.967          -2.737e-01             116.427           1.628e+01     
  36.000         180.000            1.122e+00          -1.213e+01             159.705           9.116e-01             112.387           1.591e+01     
  35.000         180.000            2.205e+00          -1.145e+01             160.264           2.013e+00             109.145           1.580e+01     
  34.000         180.000            3.207e+00          -1.085e+01             160.682           3.033e+00             106.501           1.583e+01     
  33.000         180.000            4.132e+00          -1.032e+01             160.986           3.974e+00             104.314           1.595e+01     
  32.000         180.000            4.987e+00          -9.854e+00             161.198           4.842e+00             102.478           1.614e+01     
  31.000         180.000            5.775e+00          -9.453e+00             161.332           5.642e+00             100.918           1.638e+01     
  30.000         180.000            6.501e+00          -9.110e+00             161.402           6.380e+00              99.575           1.664e+01     
  29.000         180.000            7.170e+00          -8.825e+00             161.417           7.059e+00              98.408           1.693e+01     
  28.000         180.000            7.784e+00          -8.596e+00             161.386           7.683e+00              97.383           1.725e+01     
  27.000         180.000            8.347e+00          -8.423e+00             161.315           8.255e+00              96.475           1.758e+01     
  26.000         180.000            8.862e+00          -8.304e+00             161.210           8.778e+00              95.663           1.793e+01     
  25.000         180.000            9.330e+00          -8.241e+00             161.076           9.254e+00              94.931           1.830e+01     
  24.000         180.000            9.754e+00          -8.234e+00             160.918           9.684e+00              94.266           1.868e+01     
  23.000         180.000            1.013e+01          -8.286e+00             160.741           1.007e+01              93.658           1.909e+01     
  22.000         180.000            1.047e+01          -8.399e+00             160.549           1.042e+01              93.098           1.952e+01     
  21.000         180.000            1.077e+01          -8.576e+00             160.347           1.072e+01              92.578           1.998e+01     
  20.000         180.000            1.103e+01          -8.821e+00             160.139           1.098e+01              92.093           2.047e+01     
  19.000         180.000            1.124e+01          -9.141e+00             159.934           1.120e+01              91.637           2.100e+01     
  18.000         180.000            1.142e+01          -9.544e+00             159.738           1.139e+01              91.205           2.156e+01     
  17.000         180.000            1.156e+01          -1.004e+01             159.561           1.153e+01              90.794           2.219e+01     
  16.000         180.000            1.166e+01          -1.064e+01             159.417           1.163e+01              90.401           2.287e+01     
  15.000         180.000            1.172e+01          -1.136e+01             159.326           1.170e+01              90.023           2.364e+01     
  14.000         180.000            1.174e+01          -1.222e+01             159.319           1.172e+01              89.656           2.451e+01     
  13.000         180.000            1.172e+01          -1.327e+01             159.444           1.170e+01              89.298           2.551e+01     
  12.000         180.000            1.166e+01          -1.456e+01             159.785           1.165e+01              88.947           2.670e+01     
  11.000         180.000            1.155e+01          -1.616e+01             160.500           1.155e+01              88.601           2.815e+01     
  10.000         180.000            1.141e+01          -1.823e+01             161.930           1.140e+01              88.258           2.999e+01     
   9.000         180.000            1.121e+01          -2.105e+01             164.961           1.121e+01              87.915           3.249e+01     
   8.000         180.000            1.098e+01          -2.531e+01             172.763           1.098e+01              87.571           3.632e+01     
   7.000         180.000            1.069e+01          -3.238e+01             205.453           1.069e+01              87.224           4.000e+01     
   6.000         180.000            1.035e+01          -3.036e+01             290.317           1.035e+01              86.871           4.000e+01     
   5.000         180.000            9.963e+00          -2.391e+01             311.965           9.962e+00              86.510           3.681e+01     
   4.000         180.000            9.516e+00          -1.998e+01             317.917           9.511e+00              86.138           3.159e+01     
   3.000         180.000            9.008e+00          -1.727e+01             320.298           8.998e+00              85.751           2.805e+01     
   2.000         180.000            8.434e+00          -1.522e+01             321.345           8.415e+00              85.346           2.527e+01     
   1.000         180.000            7.787e+00          -1.358e+01             321.748           7.756e+00              84.918           2.290e+01     
